NaN
0.333333333333333
0.111111111111111
0.166666666666667
0.0
0.0833333333333334
0.25
0.1
0.0
0.0
0.0
0.0
0.25
0.181818181818182
0.2
0.1
0.0
0.230769230769231
0.266666666666667
0.0
0.1
0.176470588235294
0.117647058823529
0.117647058823529
0.117647058823529
0.1
0.0
0.0
0.117647058823529
0.117647058823529
0.0
0.0
0.117647058823529
0.272727272727273
0.117647058823529
0.117647058823529
0.117647058823529
0.222222222222222
0.12
0.117647058823529
0.117647058823529
0.0
0.08
0.111111111111111
0.08
0.0833333333333334
0.08
0.222222222222222
0.08
0.117647058823529
0.117647058823529
0.222222222222222
0.117647058823529
0.0588235294117647
0.142857142857143
0.1
0.08
0.0
0.117647058823529
0.0
0.0
0.117647058823529
0.0
0.117647058823529
0.0833333333333334
0.117647058823529
0.08
0.117647058823529
0.117647058823529
0.0
0.117647058823529
0.0
0.117647058823529
0.222222222222222
0.0
0.0
0.111111111111111
0.117647058823529
0.08
0.0833333333333334
0.117647058823529
0.0
0.08
0.117647058823529
0.0
0.08
0.107142857142857
0.142857142857143
0.08
0.0
0.0
0.117647058823529
0.117647058823529
0.0
0.0
0.0
