NaN
0.25
0.0909090909090909
0.0833333333333334
0.0
0.0714285714285714
0.0
0.0909090909090909
0.0
0.214285714285714
0.142857142857143
0.0714285714285714
0.2
0.0769230769230769
0.0909090909090909
0.0714285714285714
0.0769230769230769
0.307692307692308
0.0769230769230769
0.166666666666667
0.0714285714285714
0.0714285714285714
0.0714285714285714
0.0769230769230769
0.0769230769230769
0.0769230769230769
0.0769230769230769
0.0714285714285714
0.0714285714285714
0.0909090909090909
0.0769230769230769
0.0714285714285714
0.285714285714286
0.0714285714285714
0.0714285714285714
0.0714285714285714
