HEURISTIC ELAPSED TIME: 2241.613
Parameters:
verbose => false
logfile => 
source => http://localhost:8890/sparql?default-graph-uri=http://nytimes.org
target => http://lod.openlinksw.com/sparql?default-graph-uri=http://dbpedia.org
class =>  <http://data.nytimes.com/elements/nytd_org> 
append => a
format => txt
chunk => 150
topk => 0
offset => 0
stringthreshold => 0.7
usepivot => true
blocking => true
transitionupdate => false
globalrecall => true
aligner => HierarchicalClusterAligner
ranker => TimeBasedTransitionRanking
selector => DecisionTreeSelectionAlgorithm
searcher => Baseline
learningpercent => 0.1
transitionfailurerate => 1.0
qconly => false
$shuffle
true
$orderbyclause

$orderby

LATEX & 17.42 & 0.0 & 0.0  & 1 & 1.0   & 2258.53
PAIR COMPLETENESS: 0.0
RECALL: 0.0
PRECISON: NaN
FMEASURE: 0.0
FOUND INSTANCES: 1150
NUMBER QUERIES: 3044
RATIO NUMBER QUERIES / INSTANCES: 1.0
RATIO QUERIES/POSITIVES: 0.377792378449409
RATIO QUERIES/NEGATIVES: 0.622207621550591
NUMBER HOMONYMS: 6602
RATIO HOMONYMS/INSTANCES: 5.74086956521739
INSTANCES / HOMONYMS RATIO: 0.174189639503181
SORTED LIST OF HOMONYMS: 1	1	1	1	1	1	1	1	1	1	1	1	1	1	1	1	1	1	1	1	1	1	1	1	1	1	1	1	1	1	1	1	1	1	1	1	1	1	1	1	1	1	1	1	1	1	1	1	1	1	1	1	1	1	1	1	1	1	1	1	1	1	1	1	1	1	1	1	1	1	1	1	1	1	1	1	1	1	1	1	1	1	1	1	1	1	1	1	1	1	1	1	1	1	1	1	1	1	1	1	1	1	1	1	1	1	1	1	1	1	1	1	1	1	1	1	1	1	1	1	1	1	1	1	1	1	1	1	1	1	1	1	1	1	1	1	1	1	1	1	1	1	1	1	1	1	1	1	1	1	1	1	1	1	1	1	1	1	1	1	1	1	1	1	1	1	1	1	1	1	1	1	1	1	1	1	1	1	1	1	1	1	1	1	1	1	1	1	1	1	1	1	1	1	1	1	1	1	1	1	1	1	1	1	1	1	1	1	1	1	1	1	1	1	1	1	1	1	1	1	1	1	1	1	1	1	1	1	1	1	1	1	1	1	1	1	1	1	1	1	1	1	1	1	1	1	1	1	1	1	1	1	2	2	2	2	2	2	2	2	2	2	2	2	2	2	2	2	2	2	2	2	2	2	2	2	2	2	2	2	2	2	2	2	2	2	2	2	2	2	2	2	2	2	2	2	2	2	2	2	2	2	2	2	2	2	2	2	2	2	2	2	2	2	2	2	2	2	2	2	2	2	2	2	2	2	2	2	2	2	2	2	2	2	2	2	2	2	2	2	2	2	2	2	2	2	2	2	2	2	2	2	2	2	2	2	2	2	2	2	2	2	2	2	2	2	2	2	2	2	2	2	2	2	2	2	2	2	2	2	2	2	2	2	2	2	2	2	2	2	2	2	2	2	2	2	2	2	2	2	2	3	3	3	3	3	3	3	3	3	3	3	3	3	3	3	3	3	3	3	3	3	3	3	3	3	3	3	3	3	3	3	3	3	3	3	3	3	3	3	3	3	3	3	3	3	3	3	3	3	3	3	3	3	3	3	3	3	3	3	3	3	3	3	3	3	3	3	3	3	3	3	3	3	3	3	3	3	3	3	3	3	3	3	3	3	3	3	3	3	3	3	3	3	3	3	3	3	3	3	3	3	3	3	3	3	3	3	3	3	3	3	3	3	3	3	3	3	3	3	3	3	3	3	3	3	3	3	3	3	3	3	3	3	3	3	3	3	3	3	3	3	3	3	3	3	3	3	3	3	3	3	3	3	3	3	3	3	3	3	3	3	3	3	3	3	3	3	3	3	3	3	3	3	3	3	3	3	3	3	3	3	3	3	3	3	3	3	3	3	3	3	3	3	3	3	3	3	3	3	3	3	3	3	3	3	3	4	4	4	4	4	4	4	4	4	4	4	4	4	4	4	4	4	4	4	4	4	4	4	4	4	4	4	4	4	4	4	4	4	4	4	4	4	4	4	4	4	4	4	4	4	4	4	4	4	4	4	4	4	4	4	4	4	4	4	4	4	4	4	4	4	4	4	4	4	4	4	4	4	4	4	4	4	4	4	4	4	4	4	4	4	4	4	4	4	4	4	4	4	4	4	4	4	4	4	4	4	4	4	4	4	4	4	4	4	4	4	4	4	4	4	4	4	4	4	4	4	4	4	4	4	4	4	4	4	4	4	4	4	4	4	4	4	4	4	4	4	4	4	4	4	4	4	4	4	4	4	4	4	4	4	4	4	4	4	5	5	5	5	5	5	5	5	5	5	5	5	5	5	5	5	5	5	5	5	5	5	5	5	5	5	5	5	5	5	5	5	5	5	5	5	5	5	5	5	5	5	5	5	5	5	5	5	5	5	5	5	5	5	5	5	5	5	5	5	5	5	5	5	5	5	5	5	5	5	5	5	5	5	5	5	5	5	5	5	5	5	5	5	5	5	5	5	5	5	5	5	5	5	5	5	5	5	5	5	6	6	6	6	6	6	6	6	6	6	6	6	6	6	6	6	6	6	6	6	6	6	6	6	6	6	6	6	6	6	6	6	6	6	6	6	6	6	6	6	6	6	6	6	6	6	6	6	6	6	6	6	6	6	6	6	6	6	6	6	6	6	6	6	6	6	6	6	6	6	6	6	6	6	6	6	6	6	6	6	6	6	6	6	6	6	6	6	6	6	6	6	6	6	6	6	6	6	6	6	6	7	7	7	7	7	7	7	7	7	7	7	7	7	7	7	7	7	7	7	7	7	7	7	7	7	7	7	7	7	7	7	7	7	7	7	7	7	7	7	7	7	7	7	7	7	7	7	7	7	7	7	7	7	7	7	7	7	7	7	7	7	7	7	7	7	7	7	7	7	7	7	7	7	7	7	7	7	7	7	7	7	7	7	7	7	8	8	8	8	8	8	8	8	8	8	8	8	8	8	8	8	8	8	8	8	8	8	8	8	8	8	8	8	8	8	8	8	8	8	8	8	8	8	8	8	8	8	8	8	8	8	8	8	8	8	9	9	9	9	9	9	9	9	9	9	9	9	9	9	9	9	9	9	9	9	9	9	9	9	9	9	9	9	9	9	9	9	9	9	9	9	9	9	9	9	9	9	10	10	10	10	10	10	10	10	10	10	10	10	10	10	10	10	10	10	10	10	10	10	10	10	10	10	10	10	10	10	10	10	10	10	10	10	10	10	10	10	11	11	11	11	11	11	11	11	11	11	11	11	11	11	11	11	11	11	11	12	12	12	12	12	12	12	12	12	12	12	12	12	12	12	12	12	12	13	13	13	13	13	13	13	13	13	13	13	13	13	14	14	14	14	14	14	14	14	14	14	14	15	15	15	15	15	15	15	15	15	15	15	16	16	16	16	16	16	16	16	16	16	16	16	16	16	17	17	17	17	18	18	18	18	19	19	19	19	19	20	20	20	20	21	21	21	22	22	25	25	25	26	27	28	29	29	29	29	29	29	30
LIST OF HOMONYMS: 1	3	12	6	4	4	5	2	15	8	2	5	12	7	4	2	3	4	6	5	1	10	7	15	6	6	5	3	7	1	2	3	6	3	2	2	5	10	4	9	6	1	2	9	16	5	5	4	2	3	4	20	3	10	2	1	4	2	3	6	3	4	3	3	2	3	13	7	3	4	3	9	1	3	5	2	3	3	4	6	16	5	3	2	4	3	3	1	4	1	14	3	13	2	7	6	4	3	11	5	2	1	10	6	4	2	9	2	2	4	3	6	1	1	3	6	1	7	6	1	3	10	15	4	19	3	6	13	8	4	1	1	2	6	2	9	3	4	7	8	8	7	4	5	2	3	10	4	4	3	12	8	3	28	7	10	13	4	3	7	5	10	8	2	10	3	10	1	1	10	9	4	3	29	2	4	3	6	9	1	7	4	6	4	6	3	10	3	9	5	4	4	14	1	3	3	2	11	2	12	3	2	5	8	5	6	1	16	6	7	14	6	4	3	16	2	1	1	1	2	5	1	5	1	6	4	3	6	4	5	7	3	9	4	6	6	2	10	5	2	14	3	3	9	4	3	3	5	14	7	2	6	5	2	12	9	5	4	3	10	7	4	19	5	6	5	7	7	2	2	16	5	7	2	21	7	11	2	5	5	1	2	1	1	4	1	8	29	3	6	1	1	1	1	14	7	5	2	5	3	5	5	3	4	4	3	6	6	3	16	2	2	3	3	3	3	12	6	2	2	1	8	5	7	2	16	8	8	6	4	1	3	12	9	6	1	4	6	2	3	5	12	4	9	5	4	4	7	2	1	1	1	1	1	1	3	4	5	9	4	14	3	11	1	3	1	2	3	7	6	6	3	2	3	3	3	3	4	2	17	1	6	4	2	4	10	10	25	17	5	2	3	16	2	4	4	15	2	2	1	4	2	6	3	3	6	8	4	4	1	1	1	1	1	1	4	3	3	5	2	9	3	6	3	2	1	3	1	2	3	4	13	9	6	3	7	3	1	7	2	6	2	1	7	6	6	6	1	3	6	1	3	3	4	30	6	2	5	8	3	10	3	7	2	4	2	3	1	3	4	3	1	1	4	7	1	1	1	1	1	1	1	2	6	7	29	5	4	2	3	8	3	8	2	8	7	5	1	3	3	3	7	7	1	3	8	1	3	3	9	3	3	5	2	6	11	8	5	7	2	3	5	10	7	3	16	7	7	8	10	16	17	4	4	2	1	1	1	1	1	1	1	1	6	3	2	2	10	1	6	13	7	4	3	20	4	3	1	3	4	8	7	25	4	4	1	1	10	2	7	5	7	5	7	10	2	4	9	3	1	18	6	7	9	3	8	9	2	2	4	3	1	5	3	5	15	2	2	2	1	7	10	5	5	11	10	14	7	1	1	1	1	1	1	1	1	1	6	5	7	6	1	3	9	4	3	2	1	3	7	2	4	1	3	4	2	1	6	5	3	19	20	1	3	4	1	3	4	5	10	12	2	4	8	5	13	3	1	2	29	6	11	16	13	3	6	4	2	3	3	25	1	1	1	1	1	1	1	1	1	1	4	8	2	2	2	2	18	3	2	4	3	2	6	19	4	7	12	5	4	3	8	7	8	7	6	5	2	12	4	7	7	4	3	4	2	13	2	5	5	8	2	7	2	6	4	11	1	1	1	1	1	1	1	1	1	1	14	7	26	4	3	9	3	8	5	6	1	3	3	15	3	4	2	20	4	9	5	8	2	7	1	9	3	5	2	1	3	2	11	1	12	1	9	12	4	18	3	4	9	1	3	2	4	4	4	1	1	1	1	1	1	1	1	1	1	7	5	7	2	3	4	4	16	2	5	4	9	3	7	5	7	6	4	2	6	3	4	3	6	5	3	8	6	7	13	8	3	3	5	6	5	1	5	1	3	29	5	5	7	4	4	6	6	7	6	6	6	4	4	1	7	7	1	1	1	1	1	1	1	1	1	1	1	2	8	6	2	4	6	3	3	3	2	5	11	6	4	8	6	5	6	2	3	6	10	4	5	3	2	3	6	9	10	4	1	11	4	4	8	3	3	6	4	4	2	2	14	17	5	4	3	5	1	8	6	8	1	5	2	1	1	1	1	1	1	1	1	1	1	4	1	2	1	2	6	2	3	2	3	2	1	1	1	12	5	6	3	3	3	14	7	6	3	7	9	4	3	1	2	4	3	5	4	1	3	4	2	3	5	13	4	6	9	3	3	8	1	3	12	21	11	1	1	1	1	1	1	1	1	1	1	8	3	4	4	10	7	3	3	11	7	4	5	2	15	10	1	11	8	15	2	2	1	4	9	4	4	5	9	5	10	3	4	4	4	9	3	6	1	3	3	4	5	4	3	7	15	4	3	4	1	1	1	1	1	1	1	1	1	1	3	4	4	10	5	3	1	1	1	4	7	4	7	10	4	10	8	5	3	6	4	2	9	4	8	9	5	5	2	22	4	3	6	2	3	1	12	3	13	1	4	8	1	6	1	3	8	5	1	11	8	6	10	3	4	4	5	4	2	2	3	4	7	3	2	5	1	1	1	1	1	1	1	1	1	1	1	5	4	7	7	3	6	3	4	6	9	11	7	7	3	4	4	3	13	3	4	3	4	4	3	6	5	3	1	1	4	5	27	16	6	3	2	2	3	6	3	2	6	8	5	2	3	2	3	3	6	2	9	8	3	9	3	3	1	1	1	1	1	1	1	1	1	1	7	9	8	7	11	8	2	3	29	1	5	2	4	22	3	19	6	2	2	1	7	1	7	5	3	10	10	1	5	9	2	15	11	3	7	2	4	3	2	10	6	6	3	7	3	2	4	5	2	2	2	2	10	2	7	4	5	11	7	9	9	2	3	12	21	4	3	6	1	1	1	1	1	1	1	1	1	1	7	5	8	8	15	12	3	4	6	16	2	2	7	1	8	10	4	2	5	18	4	10	1	1	1	1	1	1	1	1	1	1
ELAPSED TIME S: 2258.537
ELAPSED TIME M: 37.6422833333333
