HEURISTIC ELAPSED TIME: 3677.969
Parameters:
verbose => false
logfile => 
source => http://localhost:8890/sparql?default-graph-uri=http://nytimes.org
target => http://lod.openlinksw.com/sparql?default-graph-uri=http://dbpedia.org
class =>  <http://data.nytimes.com/elements/nytd_org> 
append => a
format => txt
chunk => 150
topk => 0
offset => 0
stringthreshold => 0.7
usepivot => true
blocking => true
transitionupdate => false
globalrecall => true
aligner => NoAligner
ranker => TimeBasedTransitionRanking
selector => DecisionTreeSelectionAlgorithm
searcher => Baseline
learningpercent => 0.1
transitionfailurerate => 1.0
qconly => false
$shuffle
true
$orderbyclause

$orderby

LATEX & 12.13 & 0.0 & 0.0  & 2 & 2.0   & 3686.02
PAIR COMPLETENESS: 0.0
RECALL: 0.0
PRECISON: NaN
FMEASURE: 0.0
FOUND INSTANCES: 1003
NUMBER QUERIES: 6088
RATIO NUMBER QUERIES / INSTANCES: 2.0
RATIO QUERIES/POSITIVES: 0.164750328515112
RATIO QUERIES/NEGATIVES: 0.835249671484888
NUMBER HOMONYMS: 8270
RATIO HOMONYMS/INSTANCES: 8.24526420737787
INSTANCES / HOMONYMS RATIO: 0.121281741233374
SORTED LIST OF HOMONYMS: 1	1	1	1	1	1	1	1	1	1	1	1	1	1	1	1	1	1	1	1	1	1	1	1	1	1	1	1	1	1	1	1	1	1	1	1	1	1	1	1	1	1	1	1	1	1	1	1	1	1	1	1	1	1	1	1	1	1	1	1	1	1	1	1	1	1	1	1	1	1	1	1	1	1	1	1	1	1	1	1	1	1	1	1	1	1	1	1	1	1	1	1	1	1	1	1	1	1	1	1	1	1	1	1	1	1	1	1	1	1	1	1	1	1	1	1	1	1	1	1	1	1	1	1	1	1	1	1	1	1	1	1	1	1	1	1	1	1	1	1	1	1	1	1	1	1	1	1	1	1	1	1	1	1	1	1	1	1	1	1	1	1	1	1	1	1	1	1	1	1	1	1	1	1	1	1	1	1	1	1	1	1	1	1	1	1	1	1	1	1	1	1	1	1	1	1	1	1	1	1	1	1	1	1	1	1	1	1	1	1	1	1	1	1	1	1	1	1	1	1	1	1	1	1	1	1	1	1	1	1	1	1	1	1	1	2	2	2	2	2	2	2	2	2	2	2	2	2	2	2	2	2	2	2	2	2	2	2	2	2	2	2	2	2	2	2	2	2	2	2	2	2	2	2	2	2	2	2	2	2	2	2	2	2	2	2	2	2	2	2	2	2	2	2	2	2	2	2	2	2	2	2	2	2	2	2	2	2	2	2	2	2	2	2	2	2	2	2	2	2	2	2	2	2	2	2	2	2	2	2	2	2	2	2	2	2	2	2	2	2	2	2	2	2	2	2	2	2	2	2	2	3	3	3	3	3	3	3	3	3	3	3	3	3	3	3	3	3	3	3	3	3	3	3	3	3	3	3	3	3	3	3	3	3	3	3	3	3	3	3	3	3	3	3	3	3	3	3	3	3	3	3	3	3	3	3	3	3	3	3	3	3	3	3	3	3	3	3	3	3	3	3	3	3	3	3	3	3	3	3	3	3	3	3	3	3	3	3	3	3	3	3	3	3	3	3	3	3	3	3	3	3	3	3	3	3	3	3	3	3	3	3	3	3	3	3	3	3	3	3	3	3	3	3	3	3	3	3	3	3	3	4	4	4	4	4	4	4	4	4	4	4	4	4	4	4	4	4	4	4	4	4	4	4	4	4	4	4	4	4	4	4	4	4	4	4	4	4	4	4	4	4	4	4	4	4	4	4	4	4	4	4	4	4	4	4	4	4	4	4	4	4	4	4	4	4	4	4	4	4	4	4	4	4	4	4	4	4	4	4	4	4	4	4	4	4	4	4	4	4	4	4	4	4	4	4	4	4	4	4	4	4	4	4	4	4	4	4	4	4	4	4	4	4	4	4	4	5	5	5	5	5	5	5	5	5	5	5	5	5	5	5	5	5	5	5	5	5	5	5	5	5	5	5	5	5	5	5	5	5	5	5	5	5	5	5	5	5	5	5	5	5	5	5	5	5	5	5	5	5	5	5	5	5	5	5	5	5	5	5	5	5	5	5	5	5	5	5	5	5	5	5	5	5	6	6	6	6	6	6	6	6	6	6	6	6	6	6	6	6	6	6	6	6	6	6	6	6	6	6	6	6	6	6	6	6	6	6	6	6	6	6	6	6	6	6	6	6	6	6	6	6	6	6	6	6	6	6	6	6	6	6	6	6	6	6	6	6	6	7	7	7	7	7	7	7	7	7	7	7	7	7	7	7	7	7	7	7	7	7	7	7	7	7	7	7	7	7	7	7	7	7	7	7	7	7	7	7	7	7	7	7	7	7	7	7	7	7	7	7	7	7	8	8	8	8	8	8	8	8	8	8	8	8	8	8	8	8	8	8	8	8	8	8	8	8	8	8	8	8	8	8	8	8	8	8	8	8	8	8	8	8	8	8	8	8	8	9	9	9	9	9	9	9	9	9	9	9	9	9	9	9	9	9	9	9	9	9	9	9	9	9	9	9	9	9	9	9	9	9	9	9	9	9	9	10	10	10	10	10	10	10	10	10	10	10	10	10	10	10	10	10	10	10	10	10	10	10	10	10	10	10	10	10	10	10	10	10	11	11	11	11	11	11	11	11	11	11	11	11	11	11	11	11	11	11	12	12	12	12	12	12	12	12	12	12	12	12	12	12	12	12	12	12	12	12	12	12	12	12	12	12	13	13	13	13	13	13	13	13	13	13	13	13	13	13	13	13	13	13	13	14	14	14	14	14	14	14	14	14	14	14	14	14	14	14	14	14	14	14	14	14	15	15	15	15	15	15	15	15	15	15	15	15	15	15	15	16	16	16	16	16	16	16	16	16	16	16	16	16	16	16	16	16	17	17	17	17	17	17	17	17	17	17	17	17	17	17	17	17	18	18	18	18	18	18	19	19	19	19	19	19	19	19	19	20	20	20	20	20	20	21	21	21	21	21	21	21	21	21	21	22	22	22	22	22	23	23	23	23	23	23	23	23	23	23	23	23	23	23	24	24	24	25	25	25	25	25	25	26	26	26	26	26	26	26	26	26	26	27	27	27	27	27	27	28	28	28	28	28	28	28	28	28	28	29	29	29	29	30	30	30	30	30	30	30	30	30	30	30	30	30	30	30	30	30	30	30	30	30	30	30	30	30	30	30	30	30
LIST OF HOMONYMS: 6	30	6	3	4	7	2	30	6	4	6	14	8	4	6	8	21	10	27	6	2	5	13	6	2	2	3	6	3	2	5	27	7	4	10	5	6	1	9	21	30	15	4	2	3	6	15	4	10	2	1	4	2	3	6	3	4	23	2	9	30	8	5	4	3	7	1	2	12	3	3	3	4	19	14	20	5	2	4	12	4	1	30	3	8	2	8	4	15	12	17	5	1	4	7	4	2	9	2	2	4	3	5	1	1	3	23	1	12	26	1	3	16	23	5	26	3	5	4	1	1	2	12	2	8	14	14	7	1	4	2	3	5	4	4	3	6	12	3	30	9	23	17	4	3	7	13	12	9	2	10	3	11	1	1	7	27	4	30	1	6	3	7	9	1	6	6	4	6	10	6	9	4	4	2	18	1	9	2	2	30	3	13	4	4	23	1	17	7	6	14	1	30	3	28	2	1	1	1	2	5	1	25	1	15	4	3	9	1	2	5	7	16	4	7	15	2	12	4	2	17	3	4	17	3	5	9	21	28	5	2	9	14	4	3	11	11	5	24	11	13	5	10	30	2	2	5	30	3	26	7	6	2	10	1	1	2	1	1	4	1	13	30	3	6	1	1	1	1	13	7	10	2	5	4	7	4	7	5	12	3	7	2	2	2	5	9	3	30	8	4	2	1	8	4	12	2	16	12	8	8	4	3	16	8	6	1	6	6	1	5	20	16	4	9	10	4	5	7	2	1	1	1	1	1	1	16	16	5	8	4	26	11	13	1	16	1	5	2	1	11	6	17	3	2	3	3	30	2	17	6	6	2	23	9	17	30	22	2	3	28	2	4	1	12	2	1	1	4	2	6	3	3	9	6	4	1	1	1	1	1	1	4	4	6	5	2	7	3	6	3	1	3	3	4	19	7	1	1	1	1	1	1	1	9	3	3	4	17	3	7	8	10	7	2	4	7	10	7	30	27	7	8	13	3	17	29	4	8	3	1	1	1	1	1	1	1	1	8	7	10	10	1	6	13	7	4	6	18	4	3	1	5	16	1	7	6	25	4	4	1	22	9	3	6	30	9	4	3	10	3	10	10	5	1	14	6	8	10	3	2	9	2	2	12	1	8	3	10	19	2	2	28	28	9	5	13	14	7	1	1	1	1	1	1	1	1	1	6	8	10	12	3	11	4	23	2	1	5	2	3	1	8	4	2	1	4	5	3	28	18	1	3	4	1	15	9	5	9	26	30	7	15	12	21	3	1	3	30	6	10	17	17	3	6	2	5	4	24	1	1	1	1	1	1	1	1	1	1	4	8	2	2	2	2	25	2	4	4	2	13	22	13	10	17	5	4	7	21	30	3	8	6	5	2	5	6	5	2	14	4	2	14	2	5	21	7	3	16	2	7	2	12	1	1	1	1	1	1	1	1	1	1	26	15	26	4	3	10	3	15	5	6	1	3	3	14	13	6	2	27	7	14	6	7	2	19	11	28	5	2	2	2	23	2	26	3	8	20	4	16	3	23	16	1	4	2	4	4	4	1	1	1	1	1	1	1	1	1	1	8	5	11	2	1	4	13	2	5	4	23	3	7	5	15	5	4	6	3	4	3	5	5	7	8	12	13	6	3	2	5	4	1	6	1	3	30	5	7	25	20	6	6	7	11	10	3	4	4	8	7	1	1	1	1	1	1	1	1	1	1	3	9	8	2	1	10	3	6	3	2	5	26	21	4	8	9	5	8	2	3	14	11	14	9	3	3	5	9	8	1	14	4	1	4	7	3	5	8	4	4	5	1	28	16	5	4	3	2	1	11	9	11	5	1	2	1	1	1	1	1	1	1	1	1	1	8	2	3	2	3	2	3	2	4	3	2	1	15	1	14	19	1	7	3	7	3	30	8	6	13	10	16	9	6	1	2	2	3	5	4	1	5	5	2	3	5	12	11	8	9	3	9	3	10	22	28	1	1	1	1	1	1	1	1	1	1	23	3	8	4	10	6	3	3	10	4	5	2	19	14	1	13	10	18	2	2	4	23	5	5	5	8	5	20	3	21	29	4	14	3	14	1	2	18	4	5	3	3	19	30	12	6	4	1	1	1	1	1	1	1	1	1	1	3	15	4	6	5	25	1	1	1	17	15	4	6	10	7	10	10	30	7	6	4	2	30	4	3	15	5	4	2	20	5	3	6	4	3	1	17	4	22	1	4	8	6	3	10	4	1	8	4	7	8	3	1	4	4	2	3	9	3	2	8	1	1	1	1	1	1	1	1	1	1	6	7	7	14	7	3	4	6	9	21	3	3	4	3	19	3	5	7	4	4	3	8	8	3	1	4	3	27	25	6	3	2	2	2	29	3	6	3	4	2	5	2	3	3	7	2	5	11	4	23	3	3	1	1	1	1	1	1	1	1	1	1	8	12	13	23	11	21	3	30	1	7	30	1	28	5	2	1	1	14	1	7	1	3	8	6	1	5	9	2	16	12	24	6	2	4	11	12	11	9	3	7	3	2	18	5	2	2	3	2	4	9	4	19	9	15	3	9	12	17	12	2	6	1	1	1	1	1	1	1	1	1	1	12	5	16	12	29	13	3	8	3	30	2	9	16	5	4	30	5	26	4	5	1	1	1	1	1	1	1	1	1	1
ELAPSED TIME S: 3686.024
ELAPSED TIME M: 61.4337333333333
