HEURISTIC ELAPSED TIME: 2197.403
Parameters:
verbose => false
logfile => 
source => http://localhost:8890/sparql?default-graph-uri=http://nytimes.org
target => http://lod.openlinksw.com/sparql?default-graph-uri=http://dbpedia.org
class =>  <http://data.nytimes.com/elements/nytd_geo> 
append => a
format => txt
chunk => 150
topk => 0
offset => 0
stringthreshold => 0.7
usepivot => true
blocking => true
transitionupdate => false
globalrecall => true
aligner => HierarchicalClusterAligner
ranker => TimeBasedTransitionRanking
selector => DecisionTreeSelectionAlgorithm
searcher => Baseline
learningpercent => 0.1
transitionfailurerate => 1.0
qconly => false
$shuffle
true
$orderbyclause

$orderby

LATEX & 15.99 & 34.64 & 21.88  & 1 & 1.0   & 2222.01
PAIR COMPLETENESS: 0.346354166666667
RECALL: 0.297395833333333
PRECISON: 0.823953823953824
FMEASURE: 0.437045541523153
FOUND INSTANCES: 960
NUMBER QUERIES: 1920
RATIO NUMBER QUERIES / INSTANCES: 1.0
RATIO QUERIES/POSITIVES: 0.5
RATIO QUERIES/NEGATIVES: 0.5
NUMBER HOMONYMS: 6002
RATIO HOMONYMS/INSTANCES: 6.25208333333333
INSTANCES / HOMONYMS RATIO: 0.15994668443852
SORTED LIST OF HOMONYMS: 1	1	1	1	1	1	1	1	1	1	1	1	1	1	1	1	1	1	1	1	1	1	1	1	1	1	1	1	1	1	1	1	1	1	1	1	1	1	1	1	1	1	1	1	1	1	1	1	1	1	1	1	1	1	1	1	1	1	1	1	1	1	1	1	1	1	1	1	1	1	1	1	1	1	1	1	1	1	1	1	1	1	1	1	1	1	1	1	1	1	1	1	1	1	1	1	1	1	1	1	1	1	2	2	2	2	2	2	2	2	2	2	2	2	2	2	2	2	2	2	2	2	2	2	2	2	2	2	2	2	2	2	2	2	2	2	2	2	2	2	2	2	2	2	2	2	2	2	2	2	2	2	2	2	2	2	2	2	2	2	2	2	2	2	2	2	2	2	2	2	2	2	2	2	2	2	2	2	2	2	2	2	2	2	2	2	2	2	2	2	2	2	2	2	2	2	2	2	2	2	2	2	2	2	2	2	2	2	2	2	2	2	2	2	2	3	3	3	3	3	3	3	3	3	3	3	3	3	3	3	3	3	3	3	3	3	3	3	3	3	3	3	3	3	3	3	3	3	3	3	3	3	3	3	3	3	3	3	3	3	3	3	3	3	3	3	3	3	3	3	3	3	3	3	3	3	3	3	3	3	3	3	3	3	3	3	3	3	3	3	3	3	3	3	3	3	3	3	3	3	3	3	3	3	3	3	3	3	3	3	3	3	3	3	3	3	3	3	3	3	3	3	3	3	3	3	3	3	3	3	3	3	3	3	3	3	3	3	3	3	3	3	3	3	3	3	3	3	3	3	3	3	3	3	3	3	3	3	3	3	3	3	3	3	3	3	3	3	3	3	3	3	3	3	3	3	3	3	3	3	3	3	3	3	3	3	3	3	4	4	4	4	4	4	4	4	4	4	4	4	4	4	4	4	4	4	4	4	4	4	4	4	4	4	4	4	4	4	4	4	4	4	4	4	4	4	4	4	4	4	4	4	4	4	4	4	4	4	4	4	4	4	4	4	4	4	4	4	4	4	4	4	4	4	4	4	4	4	4	4	4	4	4	4	4	4	4	4	4	4	4	4	4	4	4	4	4	4	4	4	4	4	4	4	4	4	4	4	4	4	4	4	4	4	4	4	4	4	4	4	4	4	4	4	4	4	4	4	4	4	4	4	4	4	4	4	4	4	5	5	5	5	5	5	5	5	5	5	5	5	5	5	5	5	5	5	5	5	5	5	5	5	5	5	5	5	5	5	5	5	5	5	5	5	5	5	5	5	5	5	5	5	5	5	5	5	5	5	5	5	5	5	5	5	5	5	5	5	5	5	5	5	5	5	5	5	5	5	5	5	5	5	5	5	5	5	5	5	5	5	5	5	5	5	5	5	5	5	5	5	5	5	5	5	5	5	5	5	5	5	6	6	6	6	6	6	6	6	6	6	6	6	6	6	6	6	6	6	6	6	6	6	6	6	6	6	6	6	6	6	6	6	6	6	6	6	6	6	6	6	6	6	6	6	6	6	6	6	6	6	6	6	6	6	6	6	6	6	6	6	6	6	6	6	6	6	6	6	6	6	6	6	6	6	6	6	6	6	6	6	6	6	6	6	6	6	6	6	7	7	7	7	7	7	7	7	7	7	7	7	7	7	7	7	7	7	7	7	7	7	7	7	7	7	7	7	7	7	7	7	7	7	7	7	7	7	7	7	7	7	7	7	7	7	7	7	7	7	7	7	7	7	7	7	7	7	7	7	7	7	7	8	8	8	8	8	8	8	8	8	8	8	8	8	8	8	8	8	8	8	8	8	8	8	8	8	8	8	8	8	8	8	8	8	8	8	8	8	8	8	8	8	8	8	8	8	8	8	8	9	9	9	9	9	9	9	9	9	9	9	9	9	9	9	9	9	9	9	9	9	9	9	9	9	9	9	9	9	9	9	9	10	10	10	10	10	10	10	10	10	10	10	10	10	10	10	10	10	10	10	10	10	10	10	10	10	10	10	10	10	10	10	10	10	10	11	11	11	11	11	11	11	11	11	11	11	11	11	11	11	11	11	11	11	11	11	11	12	12	12	12	12	12	12	12	12	12	12	12	12	12	12	12	12	12	12	12	12	12	12	12	12	12	12	12	12	13	13	13	13	13	13	13	13	13	13	13	13	13	13	13	13	14	14	14	14	14	14	14	14	14	14	14	14	14	14	14	14	14	14	14	15	15	15	15	15	15	15	15	15	15	15	16	16	16	16	16	16	16	16	16	17	17	17	17	17	17	17	17	17	17	17	17	18	18	19	19	19	19	20	20	20	20	21	21	21	21	21	23	23	24	27	27	27	29	30	30	30
LIST OF HOMONYMS: 2	3	3	5	3	30	3	4	2	5	10	10	4	11	7	8	10	6	4	4	4	2	2	4	9	6	7	1	12	3	14	3	7	4	14	11	3	5	6	4	2	1	5	4	1	4	20	3	5	3	6	4	21	5	8	3	2	12	8	4	1	2	2	9	13	30	5	17	4	5	7	8	2	6	10	8	8	4	8	7	3	4	6	1	10	6	6	5	4	1	4	13	3	3	11	3	3	19	2	4	1	5	2	2	10	6	2	4	5	2	20	10	3	5	6	6	5	3	16	7	5	3	3	3	17	3	11	1	6	5	3	6	2	9	9	6	3	1	8	9	6	7	5	29	1	4	1	7	2	3	5	17	5	6	3	3	8	2	3	2	5	7	2	4	4	11	4	3	4	6	9	6	2	8	5	5	9	6	1	12	3	7	6	17	7	7	3	6	19	11	2	19	1	15	4	6	8	11	9	5	5	1	8	7	2	2	4	7	12	8	13	2	1	3	2	5	9	3	12	6	6	1	1	2	3	4	2	3	1	2	7	7	5	3	4	5	2	3	4	2	2	6	7	7	3	2	20	5	5	10	3	19	3	8	5	11	2	7	6	6	3	11	9	4	4	18	3	4	3	5	7	12	1	7	5	6	4	9	10	2	9	3	10	4	3	8	3	5	10	11	9	2	2	4	4	2	14	6	4	7	3	4	5	3	3	1	1	1	5	3	17	1	3	3	4	2	12	8	2	17	7	2	4	3	3	2	10	3	7	2	8	5	4	9	2	4	15	23	9	3	7	7	3	5	3	3	5	3	5	18	13	5	4	12	13	2	2	11	2	5	3	3	3	2	3	3	4	2	5	5	6	1	5	10	3	7	17	14	10	1	3	3	4	3	1	1	1	20	5	5	3	5	8	4	3	6	4	8	4	3	30	7	4	4	12	9	12	7	9	5	2	6	10	17	4	4	14	2	3	3	3	10	13	12	3	2	3	6	4	4	1	3	15	3	9	3	5	4	4	2	7	4	2	17	8	3	4	2	6	5	3	3	4	4	12	4	12	2	6	27	1	1	1	1	4	5	2	7	7	5	5	3	12	5	9	6	2	6	12	4	1	9	4	7	2	2	3	5	2	2	5	3	10	3	2	3	4	6	3	8	4	3	13	3	4	4	11	4	3	15	6	14	7	7	10	2	2	2	3	4	17	12	6	3	6	7	3	11	1	9	11	4	3	27	6	7	8	1	1	1	1	1	5	3	3	4	2	3	10	4	1	5	7	7	6	2	2	6	3	4	4	3	5	4	5	9	1	8	6	10	3	1	5	4	2	5	7	3	8	16	17	5	7	14	8	3	4	10	4	4	5	6	5	6	4	5	4	2	4	10	5	5	5	16	5	3	3	4	3	3	4	6	7	16	1	1	1	1	1	1	3	3	2	6	2	4	4	16	2	5	3	6	16	4	8	4	6	6	2	6	27	11	7	14	4	3	3	8	4	3	3	4	3	11	2	5	8	1	6	4	3	5	15	12	3	11	9	5	8	7	2	3	4	11	2	12	4	2	3	15	4	11	6	3	2	6	1	10	3	10	6	2	6	14	12	7	1	1	1	1	1	1	1	7	5	10	10	3	8	14	5	8	2	6	3	6	4	14	2	3	3	16	2	24	10	3	13	4	8	11	12	12	8	8	3	4	14	3	8	8	8	6	6	6	7	7	6	5	4	13	16	14	4	5	6	3	11	8	2	14	3	5	10	6	7	6	3	21	3	4	3	4	1	6	3	6	15	4	13	4	5	5	7	1	1	1	1	1	1	1	1	4	6	7	3	5	2	2	1	2	6	6	7	5	3	2	5	12	12	3	10	16	2	4	6	5	3	2	2	6	8	5	6	2	5	8	3	9	4	3	5	9	2	2	4	6	3	21	10	3	4	2	6	3	4	3	10	5	5	3	2	12	14	13	1	2	3	6	1	1	1	1	1	1	1	1	1	8	14	7	9	3	4	5	2	1	6	4	4	5	2	3	3	8	9	5	7	8	4	3	7	1	2	4	6	5	7	7	14	10	15	6	8	4	6	4	5	9	6	3	6	8	9	4	2	3	4	14	3	2	2	15	12	8	3	3	15	3	12	1	3	1	2	3	3	12	2	4	4	2	2	4	4	4	4	1	1	1	1	1	1	1	1	1	1	17	5	3	3	3	8	6	13	3	23	5	21	5	7	3	11	3	2	7	13	15	3	2	6	14	4	9	7	5	7	7	12	8	10	2	10	13	3	9	4	6	4	3	3	3	6	2	4	3	5	21	5	7	13	5	9	3	13	5	3	2	12	2	1	1	1	1	1	1	1	1	1	1
ELAPSED TIME S: 2222.014
ELAPSED TIME M: 37.0335666666667
