NaN
0.25
0.125
0.285714285714286
0.5
0.142857142857143
0.142857142857143
0.25
0.0833333333333334
0.1
0.142857142857143
0.2
0.25
0.142857142857143
0.142857142857143
0.0
0.2
0.25
0.142857142857143
0.222222222222222
0.142857142857143
0.142857142857143
0.125
0.333333333333333
0.142857142857143
0.25
0.285714285714286
0.0
0.0
0.25
0.25
0.2
0.2
0.142857142857143
0.0
0.3
0.142857142857143
0.25
0.2
0.25
0.142857142857143
0.142857142857143
0.2
0.0
0.0
0.25
0.0
0.2
0.1
0.375
0.0
0.25
0.25
0.0
0.0
0.125
0.25
0.0
0.0
0.0
