NaN
0.125
0.125
0.285714285714286
0.666666666666667
0.0
0.142857142857143
0.25
0.166666666666667
0.272727272727273
0.142857142857143
0.166666666666667
0.25
0.142857142857143
0.0
0.0
0.166666666666667
0.25
0.0
0.3
0.142857142857143
0.0
0.333333333333333
0.333333333333333
0.142857142857143
0.25
0.285714285714286
0.142857142857143
0.0
0.25
0.25
0.166666666666667
0.0
0.142857142857143
0.0
0.3
0.142857142857143
0.25
0.272727272727273
0.25
0.142857142857143
0.142857142857143
0.2
0.142857142857143
0.142857142857143
0.25
0.0
0.272727272727273
0.2
0.375
0.142857142857143
0.25
0.25
0.0
0.0
0.222222222222222
0.25
0.0
0.0
0.0
