NaN
0.125
0.125
0.285714285714286
0.25
0.0
0.142857142857143
0.25
0.166666666666667
0.272727272727273
0.142857142857143
0.166666666666667
0.25
0.142857142857143
0.0
0.0
0.166666666666667
0.25
0.0
0.3
0.027027027027027
0.117647058823529
0.333333333333333
0.1875
0.176470588235294
0.375
0.142857142857143
0.117647058823529
0.0588235294117647
0.0
0.0
0.333333333333333
0.166666666666667
0.117647058823529
0.1875
0.3
0.117647058823529
0.0
0.4
0.0
0.117647058823529
0.117647058823529
0.15
0.0588235294117647
0.0588235294117647
0.0
0.185185185185185
0.545454545454545
0.2
0.125
0.0588235294117647
0.0
0.147058823529412
0.0588235294117647
0.0588235294117647
0.333333333333333
0.227272727272727
0.0588235294117647
0.260869565217391
0.0588235294117647
0.0588235294117647
0.0
0.0
0.0
0.142857142857143
0.222222222222222
0.05
0.0
0.222222222222222
0.0
0.05
0.142857142857143
0.411764705882353
0.142857142857143
0.0
0.0
0.081081081081081
0.105263157894737
0.0
0.3
0.05
0.142857142857143
0.0
0.142857142857143
0.0
0.142857142857143
0.444444444444444
0.363636363636364
0.0
0.25
0.0588235294117647
0.166666666666667
0.081081081081081
0.05
0.166666666666667
0.1875
0.108108108108108
0.25
0.0
0.0
0.081081081081081
0.0
0.25
0.4
0.25
0.222222222222222
0.0
0.0909090909090909
0.0
0.222222222222222
0.0
0.222222222222222
0.0
0.142857142857143
0.0
0.05
0.0
0.0
0.05
0.3
0.0952380952380952
0.3
0.0
0.0
0.25
0.0952380952380952
0.217391304347826
0.0
0.166666666666667
0.05
0.242424242424242
0.0952380952380952
0.108108108108108
0.0
0.3
0.166666666666667
0.108108108108108
0.5
0.0
0.0
0.0
