NaN
0.125
0.142857142857143
0.333333333333333
0.333333333333333
0.0
0.125
0.4
0.181818181818182
0.222222222222222
0.125
0.0
0.2
0.0
0.0
0.0
0.0
0.4
0.0
0.222222222222222
0.0
0.0
0.285714285714286
0.416666666666667
0.0
0.25
0.5
0.125
0.0
0.4
0.0
0.166666666666667
0.166666666666667
0.125
0.166666666666667
0.333333333333333
0.0
0.4
0.222222222222222
0.2
0.125
0.0
0.222222222222222
0.0
0.0
0.2
0.0
0.222222222222222
0.333333333333333
0.125
0.0
0.2
0.2
0.125
0.125
0.285714285714286
0.0909090909090909
0.0
0.0
0.0
