NaN
0.166666666666667
0.111111111111111
0.1
0.25
0.142857142857143
0.0
0.0
0.230769230769231
0.166666666666667
0.0
0.0
0.0
0.0
0.0
0.0
0.0
0.0
0.0
0.181818181818182
0.0
0.0588235294117647
0.25
0.0625
0.0588235294117647
0.333333333333333
0.333333333333333
0.0588235294117647
0.0
0.0
0.0
0.0
0.0
0.0
0.0
0.111111111111111
0.0
0.0
0.272727272727273
0.0
0.0
0.0
0.0526315789473685
0.0
0.0
0.0
0.111111111111111
0.25
0.111111111111111
0.333333333333333
0.0
0.0
0.0882352941176471
0.0
0.0
0.125
0.130434782608696
0.0
0.125
0.0
0.0
0.0
0.0
0.0
0.166666666666667
0.111111111111111
0.0526315789473685
0.0
0.125
0.0
0.0526315789473685
0.166666666666667
0.0
0.136363636363636
0.0
0.0
0.081081081081081
0.128205128205128
0.0
0.272727272727273
0.0526315789473685
0.0769230769230769
0.0
0.166666666666667
0.0
0.166666666666667
0.3
0.25
0.0
0.0
0.0
