NaN
0.833333333333333
0.6
0.166666666666667
0.5
0.25
0.0
0.0909090909090909
0.0769230769230769
0.0714285714285714
0.0
0.0
0.0
0.0769230769230769
0.0
0.142857142857143
0.0769230769230769
0.0769230769230769
0.285714285714286
0.166666666666667
0.0714285714285714
0.285714285714286
0.0714285714285714
0.166666666666667
0.0714285714285714
0.285714285714286
0.0
0.0
0.0
0.0
0.0
0.0
0.0
0.0
0.285714285714286
0.0
0.0
0.0714285714285714
0.285714285714286
0.0
0.0714285714285714
0.0
0.285714285714286
0.0714285714285714
0.0
0.0
0.0714285714285714
0.0714285714285714
0.0
0.285714285714286
0.285714285714286
0.0
0.285714285714286
0.0
0.0
0.0714285714285714
0.2
0.0714285714285714
0.0714285714285714
0.285714285714286
0.125
0.0714285714285714
0.285714285714286
0.0
0.285714285714286
0.285714285714286
0.285714285714286
