NaN
0.833333333333333
0.75
0.166666666666667
0.5
0.266666666666667
0.0625
0.166666666666667
0.0769230769230769
0.0
0.0
0.0
0.0
0.166666666666667
0.0
0.25
0.0833333333333334
0.0833333333333334
0.5
0.0909090909090909
0.0303030303030303
0.25
0.0606060606060605
0.333333333333333
0.130434782608696
0.25
0.333333333333333
0.0
0.0
0.0
0.0
0.0
0.0869565217391305
0.0
0.5
0.5
0.0
0.0869565217391305
0.5
0.09375
0.121212121212121
0.09375
0.5
0.0909090909090909
0.0
0.0
0.0869565217391305
0.0434782608695652
0.0625
0.5
0.25
0.0869565217391305
0.25
0.09375
0.09375
0.121212121212121
0.222222222222222
0.0869565217391305
0.0869565217391305
0.25
0.25
0.0869565217391305
0.25
0.0
0.25
0.25
0.25
0.0869565217391305
0.0
0.121212121212121
0.121212121212121
0.19047619047619
0.285714285714286
0.0869565217391305
0.121212121212121
0.25
0.25
0.25
0.25
0.0
0.222222222222222
0.25
0.121212121212121
0.25
0.214285714285714
0.0
0.0434782608695652
0.115384615384615
0.0909090909090909
0.0
0.0
0.0
