NaN
0.833333333333333
0.6
0.0909090909090909
0.5
0.2
0.1875
0.0909090909090909
0.0
0.0714285714285714
0.0
0.0
0.0
0.153846153846154
0.0
0.285714285714286
0.153846153846154
0.0769230769230769
0.0
0.166666666666667
0.0294117647058824
0.0769230769230769
0.0588235294117647
0.166666666666667
0.0833333333333334
0.285714285714286
0.0
0.0
0.0
0.0
0.0
0.130434782608696
0.0833333333333334
0.0
0.0
0.0
0.130434782608696
0.0833333333333334
0.0416666666666666
0.0909090909090909
0.0882352941176471
0.0606060606060605
0.0
0.0882352941176471
0.0869565217391305
0.0
0.0416666666666666
0.0882352941176471
0.0606060606060605
0.0
0.0416666666666666
0.0416666666666666
0.0
0.0606060606060605
0.0606060606060605
0.0882352941176471
0.166666666666667
0.0416666666666666
0.0416666666666666
0.0
0.2
0.0416666666666666
0.0
0.0
0.0416666666666666
0.0
0.0
0.103448275862069
0.0869565217391305
0.0882352941176471
0.0882352941176471
0.0606060606060605
0.111111111111111
0.0416666666666666
0.0882352941176471
0.0
0.0
0.0416666666666666
0.0
0.0869565217391305
0.0882352941176471
0.0
0.0882352941176471
0.0
0.0416666666666666
0.0
0.0416666666666666
0.111111111111111
0.0882352941176471
0.0416666666666666
0.0
0.0
0.0606060606060605
0.0
0.0
0.1
0.0606060606060605
0.0869565217391305
0.0882352941176471
0.0416666666666666
0.0
0.0416666666666666
0.125
0.0416666666666666
0.0869565217391305
0.0
0.0
0.0
