NaN
0.833333333333333
0.75
0.0909090909090909
0.666666666666667
0.272727272727273
0.444444444444444
0.181818181818182
0.0833333333333334
0.0714285714285714
0.0
0.0
0.0
0.0769230769230769
0.0
0.125
0.0769230769230769
0.0769230769230769
0.0714285714285714
0.166666666666667
0.0714285714285714
0.153846153846154
0.0714285714285714
0.166666666666667
0.0
0.125
0.166666666666667
0.166666666666667
0.166666666666667
0.166666666666667
0.166666666666667
0.153846153846154
0.0769230769230769
0.166666666666667
0.25
0.285714285714286
0.0769230769230769
0.0714285714285714
0.0714285714285714
0.0
0.0714285714285714
0.0
0.125
0.0714285714285714
0.0
0.166666666666667
0.0714285714285714
0.0714285714285714
0.0
0.125
0.0714285714285714
0.0
0.125
0.0
0.0
0.0714285714285714
0.2
0.0714285714285714
0.0714285714285714
0.125
0.125
0.0714285714285714
0.125
0.166666666666667
0.0714285714285714
0.125
0.125
0.0714285714285714
0.0
0.0714285714285714
0.0714285714285714
0.0
0.0714285714285714
0.0714285714285714
0.0714285714285714
