NaN
0.166666666666667
0.5
0.0
0.0
0.0
0.0
0.0
0.214285714285714
0.0714285714285714
0.0714285714285714
0.0666666666666666
0.0666666666666666
0.0769230769230769
0.0666666666666666
0.222222222222222
0.0769230769230769
0.0769230769230769
0.0666666666666666
0.0833333333333334
0.0714285714285714
0.0
0.0666666666666666
0.166666666666667
0.0666666666666666
0.125
0.166666666666667
0.166666666666667
0.166666666666667
0.166666666666667
0.166666666666667
0.0769230769230769
0.0769230769230769
0.166666666666667
0.125
0.142857142857143
0.0769230769230769
0.0714285714285714
0.0
0.0769230769230769
0.0
0.0769230769230769
0.125
0.0714285714285714
0.0769230769230769
0.166666666666667
0.0714285714285714
0.0714285714285714
0.0769230769230769
0.125
0.0714285714285714
0.0769230769230769
0.125
0.0769230769230769
0.0769230769230769
0.0
0.117647058823529
0.0
0.0714285714285714
0.125
0.142857142857143
0.0
0.125
0.166666666666667
0.0714285714285714
0.125
0.125
0.0714285714285714
0.0769230769230769
0.0
0.0714285714285714
0.0769230769230769
0.0
0.0714285714285714
0.0
0.142857142857143
0.125
0.0
0.111111111111111
0.0769230769230769
0.0
0.125
0.0714285714285714
0.125
0.0714285714285714
0.125
0.0
0.0714285714285714
0.0
0.0
0.111111111111111
0.142857142857143
0.0769230769230769
0.125
0.111111111111111
0.125
0.0769230769230769
0.0769230769230769
0.0
0.0714285714285714
0.125
0.0714285714285714
0.142857142857143
0.0714285714285714
0.0769230769230769
0.166666666666667
0.125
0.142857142857143
0.0
0.0714285714285714
0.0714285714285714
0.125
0.166666666666667
0.125
0.0
0.0
0.0
