NaN
0.166666666666667
0.8
0.0909090909090909
0.333333333333333
0.133333333333333
0.294117647058823
0.0769230769230769
0.0769230769230769
0.0769230769230769
0.0
0.0
0.0
0.0
0.0
0.166666666666667
0.0
0.0
0.0
0.0
0.0
0.0833333333333334
0.0303030303030303
0.166666666666667
0.0434782608695652
0.166666666666667
0.166666666666667
0.0
0.0
0.0
0.0
0.0869565217391305
0.08
0.0
0.0
0.0
0.0869565217391305
0.0869565217391305
0.0869565217391305
0.0303030303030303
0.0303030303030303
0.0303030303030303
0.0
0.0303030303030303
0.0869565217391305
0.0
0.08
0.0303030303030303
0.0303030303030303
0.0
0.0869565217391305
0.0869565217391305
0.0
0.0303030303030303
0.0303030303030303
0.0303030303030303
0.0526315789473685
0.0434782608695652
0.0434782608695652
0.166666666666667
0.111111111111111
0.0434782608695652
0.166666666666667
0.166666666666667
0.0434782608695652
0.166666666666667
0.0
0.0769230769230769
0.0869565217391305
0.0303030303030303
0.0
0.0
0.0357142857142857
0.0434782608695652
0.0
0.166666666666667
0.166666666666667
0.0434782608695652
0.166666666666667
0.0434782608695652
0.0
0.166666666666667
0.0
0.166666666666667
0.0434782608695652
0.166666666666667
0.0434782608695652
0.0357142857142857
0.0
0.0434782608695652
0.166666666666667
0.166666666666667
0.0
0.166666666666667
0.166666666666667
0.0526315789473685
0.0
0.0416666666666666
0.0
0.0434782608695652
0.166666666666667
0.0434782608695652
0.0625
0.0434782608695652
0.0434782608695652
0.166666666666667
0.166666666666667
0.166666666666667
