NaN
0.909090909090909
0.25
0.0
0.142857142857143
0.142857142857143
0.333333333333333
0.0476190476190477
0.0869565217391305
0.0434782608695652
0.0
0.08
0.04
0.0833333333333334
0.08
0.166666666666667
0.0
0.0
0.0526315789473685
0.05
0.04
0.05
0.04
0.222222222222222
0.0526315789473685
0.2
0.222222222222222
0.222222222222222
0.222222222222222
0.222222222222222
0.111111111111111
0.125
0.125
0.111111111111111
0.2
0.2
0.1875
0.0434782608695652
0.105263157894737
0.0434782608695652
0.08
0.0434782608695652
0.1
0.0869565217391305
0.1875
0.111111111111111
0.08
0.0434782608695652
0.125
0.1
0.176470588235294
0.111111111111111
0.0
0.0869565217391305
0.0909090909090909
0.16
0.12
0.0526315789473685
0.0869565217391305
0.0
0.153846153846154
0.0526315789473685
0.0
0.111111111111111
0.117647058823529
0.0
0.0
0.210526315789474
0.1875
0.12
0.0869565217391305
0.166666666666667
0.0526315789473685
0.117647058823529
0.12
0.0909090909090909
0.0
0.0526315789473685
0.0
0.0869565217391305
0.12
0.0
0.0869565217391305
0.0
0.117647058823529
0.0
0.0526315789473685
0.0869565217391305
0.12
0.0526315789473685
0.0
0.0
0.0869565217391305
0.0
0.0
0.142857142857143
0.166666666666667
0.0869565217391305
0.12
0.0869565217391305
0.0
0.12
0.0909090909090909
0.0869565217391305
0.0869565217391305
0.111111111111111
0.0
0.0909090909090909
0.12
0.0869565217391305
0.12
0.0
0.2
0.0
0.0526315789473685
0.12
0.12
0.117647058823529
0.166666666666667
0.0869565217391305
0.117647058823529
0.111111111111111
0.117647058823529
0.12
0.166666666666667
0.117647058823529
0.0526315789473685
0.0869565217391305
0.0
0.0833333333333334
0.1
0.0
0.0869565217391305
0.12
0.1875
0.0869565217391305
0.0
0.0
0.0
