NaN
0.142857142857143
0.5
0.333333333333333
0.166666666666667
0.285714285714286
0.0
0.285714285714286
0.222222222222222
0.1
0.25
0.285714285714286
0.133333333333333
0.0666666666666666
0.1
0.142857142857143
0.0666666666666666
0.0666666666666666
0.166666666666667
0.0666666666666666
0.166666666666667
0.133333333333333
0.0666666666666666
0.136363636363636
0.1
0.181818181818182
0.0
0.0
0.0
0.0666666666666666
0.0666666666666666
0.0666666666666666
0.1
0.0666666666666666
0.285714285714286
0.1
0.0833333333333334
0.133333333333333
0.0
0.0666666666666666
0.0666666666666666
0.1
0.0909090909090909
0.0
0.0
0.0
0.0
0.0666666666666666
0.0
0.1
0.166666666666667
0.1
0.142857142857143
0.0
0.0
0.142857142857143
0.0
0.142857142857143
0.0
0.0
0.133333333333333
0.133333333333333
0.142857142857143
0.142857142857143
0.1
0.142857142857143
0.1
0.133333333333333
0.0
0.1
0.1
0.19047619047619
0.363636363636364
0.142857142857143
0.1
0.1
0.133333333333333
0.133333333333333
0.142857142857143
0.1
0.133333333333333
0.0
0.0
0.1
0.0
0.0
0.0833333333333334
0.133333333333333
0.1
0.0
0.181818181818182
0.0
0.1
0.133333333333333
0.1
0.1
0.0
0.0
0.133333333333333
0.133333333333333
0.133333333333333
