NaN
0.142857142857143
0.5
0.25
0.166666666666667
0.0
0.285714285714286
0.2
0.1
0.166666666666667
0.0909090909090909
0.111111111111111
0.142857142857143
0.142857142857143
0.0833333333333334
0.0
0.0714285714285714
0.0714285714285714
0.181818181818182
0.0714285714285714
0.181818181818182
0.0714285714285714
0.0
0.0454545454545454
0.0833333333333334
0.0909090909090909
0.0909090909090909
0.0
0.0
0.0714285714285714
0.0714285714285714
0.0714285714285714
0.0833333333333334
0.0714285714285714
0.111111111111111
0.0833333333333334
0.0909090909090909
0.142857142857143
0.0909090909090909
0.142857142857143
0.0714285714285714
0.0833333333333334
0.0454545454545454
0.0909090909090909
0.0909090909090909
0.0
0.0
0.0714285714285714
0.0
0.0833333333333334
0.111111111111111
0.181818181818182
0.0
0.0
0.0
