NaN
0.142857142857143
0.5
0.666666666666667
0.333333333333333
0.166666666666667
0.285714285714286
0.25
0.142857142857143
0.0909090909090909
0.230769230769231
0.111111111111111
0.133333333333333
0.133333333333333
0.0
0.111111111111111
0.133333333333333
0.0666666666666666
0.153846153846154
0.133333333333333
0.0769230769230769
0.133333333333333
0.133333333333333
0.0869565217391305
0.0909090909090909
0.181818181818182
0.0769230769230769
0.0769230769230769
0.0
0.0666666666666666
0.0666666666666666
0.0666666666666666
0.0909090909090909
0.0666666666666666
0.222222222222222
0.0
0.0769230769230769
0.133333333333333
0.0769230769230769
0.133333333333333
0.0666666666666666
0.0909090909090909
0.0869565217391305
0.0769230769230769
0.0
0.0
0.0
0.0666666666666666
0.0
0.0909090909090909
0.142857142857143
0.1
0.222222222222222
0.0
0.0
0.25
0.0
0.111111111111111
0.0
0.0
0.133333333333333
0.133333333333333
0.111111111111111
0.5
0.166666666666667
0.111111111111111
0.0909090909090909
0.133333333333333
0.5
0.333333333333333
0.333333333333333
0.142857142857143
0.0
0.333333333333333
0.2
0.2
0.133333333333333
0.133333333333333
0.230769230769231
0.214285714285714
0.133333333333333
0.25
0.25
0.0909090909090909
0.125
0.0833333333333334
0.0769230769230769
0.133333333333333
0.214285714285714
0.125
0.181818181818182
0.125
0.2
0.133333333333333
0.2
0.0909090909090909
0.125
0.125
0.133333333333333
0.133333333333333
0.133333333333333
