NaN
0.142857142857143
0.5
0.5
0.166666666666667
0.142857142857143
0.166666666666667
0.142857142857143
0.25
0.222222222222222
0.2
0.142857142857143
0.117647058823529
0.117647058823529
0.111111111111111
0.0
0.0588235294117647
0.0588235294117647
0.133333333333333
0.0
0.0666666666666666
0.0
0.0
0.304347826086957
0.111111111111111
0.0714285714285714
0.0666666666666666
0.0666666666666666
0.0666666666666666
0.0
0.0
0.0
0.111111111111111
0.0
0.142857142857143
0.111111111111111
0.0666666666666666
0.0
0.0666666666666666
0.0
0.0
0.111111111111111
0.0434782608695652
0.0666666666666666
0.0666666666666666
0.0666666666666666
0.0666666666666666
0.0
0.0666666666666666
0.111111111111111
0.166666666666667
0.111111111111111
0.142857142857143
0.111111111111111
0.111111111111111
0.142857142857143
0.111111111111111
0.142857142857143
0.111111111111111
0.111111111111111
0.0
0.0
0.142857142857143
0.166666666666667
0.125
0.142857142857143
0.111111111111111
0.0
0.166666666666667
0.125
0.125
0.0454545454545454
0.111111111111111
0.142857142857143
0.111111111111111
0.111111111111111
0.0
0.0
0.142857142857143
0.111111111111111
0.0
0.142857142857143
0.142857142857143
0.0
0.0
0.0
