NaN
0.142857142857143
0.5
0.666666666666667
0.166666666666667
0.166666666666667
0.142857142857143
0.125
0.2
0.166666666666667
0.25
0.1
0.142857142857143
0.142857142857143
0.0833333333333334
0.0
0.0714285714285714
0.0714285714285714
0.166666666666667
0.0
0.0833333333333334
0.0
0.0
0.304347826086957
0.0833333333333334
0.1
0.0833333333333334
0.0833333333333334
0.0833333333333334
0.0
0.0
0.0
0.0833333333333334
0.0
0.1
0.0833333333333334
0.0833333333333334
0.0
0.0833333333333334
0.0
0.0
0.0833333333333334
0.0434782608695652
0.0833333333333334
0.0833333333333334
0.0833333333333334
0.0833333333333334
0.0
0.0833333333333334
0.0833333333333334
0.125
0.0909090909090909
0.1
0.0833333333333334
0.0833333333333334
0.111111111111111
0.0833333333333334
0.1
0.0833333333333334
0.0833333333333334
0.0
0.0
0.1
0.2
0.142857142857143
0.1
0.0833333333333334
0.0
0.2
0.142857142857143
0.142857142857143
0.0476190476190477
0.0909090909090909
0.111111111111111
0.0909090909090909
0.0909090909090909
0.0
0.0
0.0769230769230769
0.0
0.0
0.111111111111111
0.111111111111111
0.0833333333333334
0.111111111111111
0.0833333333333334
0.0833333333333334
0.0
0.133333333333333
0.111111111111111
0.1
0.111111111111111
0.0909090909090909
0.0
0.0909090909090909
0.0833333333333334
0.111111111111111
0.111111111111111
0.0
0.0
0.0
