HEURISTIC ELAPSED TIME: 1417.851
Parameters:
verbose => false
logfile => 
source => http://localhost:8890/sparql?default-graph-uri=http://nytimes.org
target => http://localhost:8894/sparql?default-graph-uri=http://dbpedia.org
class =>  <http://data.nytimes.com/elements/nytd_org> 
append => a
format => txt
chunk => 150
topk => 1
offset => 0
stringthreshold => 0.7
usepivot => true
blocking => true
transitionupdate => false
globalrecall => true
aligner => HierarchicalClusterAligner
ranker => TimeBasedTransitionRanking
selector => DecisionTreeSelectionAlgorithm
searcher => Baseline
learningpercent => 0.2
transitionfailurerate => 1.0
qconly => false
sparqllimit => 10
name => S-based
$shuffle
true
$orderbyclause

$orderby

 & S-based  & 3 & 3.0   & 119.87  & 1327.05 & 43.93 & 45.7 & 44.8  \\ 
LEARNING TIME: 119.872
SEARCH TIME: 1327.054
MATCHER TIME: 90.376
TOTAL TIME: 1537.3
PAIR COMPLETENESS: 0.456997455470738
RECALL: 0.43969465648855
PRECISON: 0.795580110497237
FMEASURE: 0.566371681415929
FOUND INSTANCES: 1086
NUMBER QUERIES: 5895
RATIO NUMBER QUERIES / INSTANCES: 3.0
RATIO QUERIES/POSITIVES: 0.354198473282443
RATIO QUERIES/NEGATIVES: 0.645801526717557
NUMBER HOMONYMS: 2472
RATIO HOMONYMS/INSTANCES: 2.27624309392265
INSTANCES / HOMONYMS RATIO: 0.439320388349515
SORTED LIST OF HOMONYMS: 1	1	1	1	1	1	1	1	1	1	1	1	1	1	1	1	1	1	1	1	1	1	1	1	1	1	1	1	1	1	1	1	1	1	1	1	1	1	1	1	1	1	1	1	1	1	1	1	1	1	1	1	1	1	1	1	1	1	1	1	1	1	1	1	1	1	1	1	1	1	1	1	1	1	1	1	1	1	1	1	1	1	1	1	1	1	1	1	1	1	1	1	1	1	1	1	1	1	1	1	1	1	1	1	1	1	1	1	1	1	1	1	1	1	1	1	1	1	1	1	1	1	1	1	1	1	1	1	1	1	1	1	1	1	1	1	1	1	1	1	1	1	1	1	1	1	1	1	1	1	1	1	1	1	1	1	1	1	1	1	1	1	1	1	1	1	1	1	1	1	1	1	1	1	1	1	1	1	1	1	1	1	1	1	1	1	1	1	1	1	1	1	1	1	1	1	1	1	1	1	1	1	1	1	1	1	1	1	1	1	1	1	1	1	1	1	1	1	1	1	1	1	1	1	1	1	1	1	1	1	1	1	1	1	1	1	1	1	1	1	1	1	1	1	1	1	1	1	1	1	1	1	1	1	1	1	1	1	1	1	1	1	1	1	1	1	1	1	1	1	1	1	1	1	1	1	1	1	1	1	1	1	1	1	1	1	1	1	1	1	1	1	1	1	1	1	1	1	1	1	1	1	1	1	1	1	1	1	1	1	1	1	1	1	1	1	1	1	1	1	1	1	1	1	1	1	1	1	1	1	1	1	1	1	1	1	1	1	1	1	1	1	1	1	1	1	1	1	1	1	1	1	1	1	1	1	1	1	1	1	1	1	1	1	1	1	1	1	1	1	1	1	1	1	1	1	1	1	1	1	1	1	1	1	1	1	1	1	1	1	1	1	1	1	1	1	1	1	1	1	1	1	1	1	1	1	1	2	2	2	2	2	2	2	2	2	2	2	2	2	2	2	2	2	2	2	2	2	2	2	2	2	2	2	2	2	2	2	2	2	2	2	2	2	2	2	2	2	2	2	2	2	2	2	2	2	2	2	2	2	2	2	2	2	2	2	2	2	2	2	2	2	2	2	2	2	2	2	2	2	2	2	2	2	2	2	2	2	2	2	2	2	2	2	2	2	2	2	2	2	2	2	2	2	2	2	2	2	2	2	2	2	2	2	2	2	2	2	2	2	2	2	2	2	2	2	2	2	2	2	2	2	2	2	2	2	2	2	2	2	2	2	2	2	2	2	2	2	2	2	2	2	2	2	2	2	2	2	2	2	2	2	2	2	2	2	2	2	2	2	2	2	2	2	2	2	2	2	2	2	2	2	2	2	2	2	2	2	2	2	2	2	2	2	2	2	2	2	2	2	2	2	2	2	2	2	2	2	2	2	2	2	2	2	2	2	2	2	2	2	2	2	2	2	2	2	2	2	2	2	2	2	2	2	2	2	2	2	2	2	2	2	2	2	2	2	2	2	2	2	2	2	2	2	2	2	2	2	2	2	2	2	2	2	2	2	2	2	2	2	2	2	2	2	2	2	2	2	2	2	2	2	2	2	2	2	2	2	2	2	2	2	2	2	2	2	2	2	2	2	2	2	2	2	2	2	2	2	2	2	2	2	2	2	2	2	2	2	2	2	2	2	2	2	2	2	2	2	2	2	2	2	2	2	2	2	2	2	2	2	2	2	2	2	2	2	2	2	2	2	2	2	2	2	2	2	2	2	2	2	2	2	2	2	2	2	2	2	2	2	2	2	2	2	2	2	2	2	2	2	2	2	2	2	2	2	2	2	2	2	2	2	2	2	2	2	2	2	2	2	2	2	2	2	2	2	2	2	2	2	2	2	3	3	3	3	3	3	3	3	3	3	3	3	3	3	3	3	3	3	3	3	3	3	3	3	3	3	3	3	3	3	3	3	3	3	3	3	3	3	3	3	3	3	3	3	3	3	3	3	3	3	3	3	3	3	3	3	3	3	3	3	3	3	3	3	3	3	3	3	3	3	3	3	3	3	3	3	3	3	3	3	3	3	3	3	3	3	3	3	3	3	3	3	3	3	3	3	3	3	3	3	3	3	3	3	3	3	3	3	3	3	3	3	3	3	3	3	3	3	3	3	3	3	3	3	3	3	3	3	3	3	3	3	3	3	3	3	3	3	4	4	4	4	4	4	4	4	4	4	4	4	4	4	4	4	4	4	4	4	4	4	4	4	4	4	4	4	4	4	4	4	4	4	4	4	4	4	4	4	4	4	4	4	4	4	4	4	4	4	4	4	4	4	4	5	5	5	5	5	5	5	5	5	5	5	5	5	5	5	5	5	5	5	5	5	5	5	5	5	5	5	6	6	6	6	6	6	6	6	6	6	6	6	7	7	7	7	7	7	7	7	7	7	7	8	8	8	8	8	9	9	9	10	10	10	10	10	10	10	11	11	11	11	11	12	12	12	12	12	12	12	13	15	16	17
LIST OF HOMONYMS: 1	3	2	5	1	1	1	1	1	1	5	2	1	1	2	3	1	4	1	2	2	10	3	4	1	2	2	2	5	2	2	3	1	4	3	2	4	1	3	2	2	2	2	2	1	2	2	2	2	1	3	2	3	2	3	2	1	3	2	2	1	1	1	1	2	1	1	3	4	1	3	2	1	2	2	2	2	1	1	3	2	4	2	2	2	4	2	2	1	11	2	1	2	4	1	3	2	1	1	2	1	5	1	3	1	1	3	2	2	2	3	3	3	2	3	7	4	1	2	1	2	1	2	2	4	2	1	1	2	1	2	1	1	1	4	5	1	6	4	2	1	2	2	3	3	1	2	2	1	5	3	2	1	4	2	3	1	4	4	2	1	3	2	4	2	2	1	2	6	2	2	10	1	1	1	2	1	2	4	1	7	2	1	1	1	2	1	3	6	1	1	1	2	1	3	6	2	2	2	2	2	1	1	1	1	1	13	3	1	1	2	3	2	2	1	1	2	3	2	1	2	2	1	2	2	4	2	1	3	2	1	9	1	2	2	1	3	2	1	4	2	1	1	1	3	2	3	1	2	4	2	4	1	1	1	1	3	1	2	5	2	1	3	2	1	1	5	2	2	2	3	2	2	2	2	2	1	3	1	1	2	2	1	1	2	1	2	2	1	1	3	1	3	1	2	1	2	2	2	1	1	3	3	4	2	2	2	2	2	1	2	6	1	2	3	1	5	1	3	3	1	1	1	1	1	2	1	1	2	9	1	4	1	7	2	3	1	1	1	3	2	3	1	1	1	2	1	2	2	12	1	3	2	2	2	2	2	3	4	3	1	2	2	2	2	2	1	3	2	5	1	1	2	1	2	1	1	2	2	2	1	2	2	2	2	1	4	2	3	12	1	4	2	2	4	1	6	3	6	2	2	2	2	1	3	1	2	1	1	2	1	5	1	1	1	1	2	2	1	2	3	1	7	3	3	1	2	3	1	2	5	2	2	2	2	1	2	3	2	2	4	2	2	1	1	6	1	1	3	1	3	2	3	2	2	3	1	1	2	2	1	1	1	12	5	1	2	10	2	3	12	1	2	1	15	2	1	1	2	3	2	2	2	17	12	1	3	2	1	2	3	1	1	1	1	2	1	1	3	2	1	2	3	2	1	3	4	5	2	2	5	1	1	2	1	2	3	1	1	2	4	1	4	1	4	2	1	7	2	1	1	1	1	4	2	1	1	3	1	3	8	1	5	2	2	1	1	1	1	1	1	1	1	3	1	3	2	1	2	4	2	2	2	2	2	1	3	1	2	1	1	2	11	2	1	1	3	1	8	1	2	2	1	2	3	2	1	2	3	3	1	1	1	2	2	1	1	1	2	1	1	1	1	8	1	2	2	1	2	4	2	1	1	2	12	2	3	1	2	2	1	1	2	3	1	2	3	2	1	2	2	2	2	2	5	2	3	2	2	5	1	3	5	1	2	1	10	1	7	2	1	1	3	10	2	2	1	1	1	1	2	2	1	1	1	3	16	2	2	2	7	1	1	4	1	2	1	2	2	1	2	2	2	1	2	3	3	1	3	1	1	3	2	2	1	3	1	1	1	1	2	10	2	4	2	2	2	2	1	11	2	1	2	2	2	2	1	1	2	2	3	2	4	1	1	1	2	1	1	2	2	1	2	2	1	1	2	3	1	2	1	2	1	3	1	4	2	1	2	1	3	1	3	2	4	1	2	1	4	2	2	1	3	2	2	2	11	2	1	1	1	2	1	5	1	2	3	3	1	3	2	1	1	8	2	1	1	2	9	2	3	1	2	1	1	1	2	2	1	2	2	1	1	1	2	2	3	2	7	1	1	2	2	3	2	1	3	5	2	4	5	2	1	2	2	2	4	2	2	1	2	4	3	2	2	3	2	1	1	5	3	1	1	1	3	3	5	3	1	3	2	1	1	1	1	2	1	1	1	1	5	1	3	1	2	2	1	2	1	1	2	2	2	1	1	1	1	2	1	1	1	1	1	2	2	4	2	2	1	1	1	1	2	1	2	2	1	3	2	1	2	3	1	3	5	2	1	1	4	12	1	2	2	1	2	6	1	1	1	1	2	7	1	2	2	4	2	2	7	2	2	2	2	2	3	4	2	1	1	3	1	1	2	2	1	3	1	1	1	1	1	1	2	2	1	2	1	1	2	1	3	7	4	2	2	2	4	1	3	2	1	2	4	1	2	2	1	2	1	1	1	1	1	1	1	10	1	2	1	2	1	2	2	1	2	3	2	2	3	1	1	1	2	3	2	2	6	3	1	2	1	2	2	2	4	1	5	1	3	1	2	2	2	2	1	2	1	3	2	2	2	1	1	1	2	2	1	2	1	2	1	1	2	4	2	3	3	2	1	1	1	1	4	1	2	3	2	3	2	2	2	1	11	2	2	6	2	2	3	3	6	1	3	2	3	1	2	3	8	3	2	2	4	2	1	1
ELAPSED TIME S: 1586.227
ELAPSED TIME M: 26.4371166666667
