HEURISTIC ELAPSED TIME: 1930.404
Parameters:
verbose => false
logfile => 
source => http://localhost:8890/sparql?default-graph-uri=http://nytimes.org
target => http://localhost:8894/sparql?default-graph-uri=http://dbpedia.org
class =>  <http://data.nytimes.com/elements/nytd_org> 
append => a
format => txt
chunk => 150
topk => 1
offset => 0
stringthreshold => 0.7
usepivot => true
blocking => true
transitionupdate => false
globalrecall => true
aligner => HierarchicalClusterAligner
ranker => TimeBasedTransitionRanking
selector => DecisionTreeSelectionAlgorithm
searcher => Baseline
learningpercent => 0.2
transitionfailurerate => 1.0
qconly => false
name => S-based
$shuffle
true
$orderbyclause

$orderby

 & S-based  & 3 & 3.0   & 106.87  & 1809.11 & 41.04 & 56.39 & 47.51  \\ 
LEARNING TIME: 106.871
SEARCH TIME: 1809.107
MATCHER TIME: 120.67
TOTAL TIME: 2036.65
PAIR COMPLETENESS: 0.563867684478371
RECALL: 0.531806615776081
PRECISON: 0.814497272018706
FMEASURE: 0.643472906403941
FOUND INSTANCES: 1281
NUMBER QUERIES: 5895
RATIO NUMBER QUERIES / INSTANCES: 3.0
RATIO QUERIES/POSITIVES: 0.428837998303647
RATIO QUERIES/NEGATIVES: 0.571162001696353
NUMBER HOMONYMS: 3121
RATIO HOMONYMS/INSTANCES: 2.43637782982045
INSTANCES / HOMONYMS RATIO: 0.410445370073694
SORTED LIST OF HOMONYMS: 1	1	1	1	1	1	1	1	1	1	1	1	1	1	1	1	1	1	1	1	1	1	1	1	1	1	1	1	1	1	1	1	1	1	1	1	1	1	1	1	1	1	1	1	1	1	1	1	1	1	1	1	1	1	1	1	1	1	1	1	1	1	1	1	1	1	1	1	1	1	1	1	1	1	1	1	1	1	1	1	1	1	1	1	1	1	1	1	1	1	1	1	1	1	1	1	1	1	1	1	1	1	1	1	1	1	1	1	1	1	1	1	1	1	1	1	1	1	1	1	1	1	1	1	1	1	1	1	1	1	1	1	1	1	1	1	1	1	1	1	1	1	1	1	1	1	1	1	1	1	1	1	1	1	1	1	1	1	1	1	1	1	1	1	1	1	1	1	1	1	1	1	1	1	1	1	1	1	1	1	1	1	1	1	1	1	1	1	1	1	1	1	1	1	1	1	1	1	1	1	1	1	1	1	1	1	1	1	1	1	1	1	1	1	1	1	1	1	1	1	1	1	1	1	1	1	1	1	1	1	1	1	1	1	1	1	1	1	1	1	1	1	1	1	1	1	1	1	1	1	1	1	1	1	1	1	1	1	1	1	1	1	1	1	1	1	1	1	1	1	1	1	1	1	1	1	1	1	1	1	1	1	1	1	1	1	1	1	1	1	1	1	1	1	1	1	1	1	1	1	1	1	1	1	1	1	1	1	1	1	1	1	1	1	1	1	1	1	1	1	1	1	1	1	1	1	1	1	1	1	1	1	1	1	1	1	1	1	1	1	1	1	1	1	1	1	1	1	1	1	1	1	1	1	1	1	1	1	1	1	1	1	1	1	1	1	1	1	1	1	1	1	1	1	1	1	1	1	1	1	1	1	1	1	1	1	1	1	1	1	1	1	1	1	1	1	1	1	1	1	1	1	1	1	1	1	1	1	1	1	1	1	1	1	1	1	1	1	1	1	1	1	1	1	1	1	1	1	1	1	1	1	1	1	1	1	1	1	1	1	1	1	1	1	1	1	1	1	1	1	1	1	1	1	1	1	1	1	1	1	1	1	1	1	2	2	2	2	2	2	2	2	2	2	2	2	2	2	2	2	2	2	2	2	2	2	2	2	2	2	2	2	2	2	2	2	2	2	2	2	2	2	2	2	2	2	2	2	2	2	2	2	2	2	2	2	2	2	2	2	2	2	2	2	2	2	2	2	2	2	2	2	2	2	2	2	2	2	2	2	2	2	2	2	2	2	2	2	2	2	2	2	2	2	2	2	2	2	2	2	2	2	2	2	2	2	2	2	2	2	2	2	2	2	2	2	2	2	2	2	2	2	2	2	2	2	2	2	2	2	2	2	2	2	2	2	2	2	2	2	2	2	2	2	2	2	2	2	2	2	2	2	2	2	2	2	2	2	2	2	2	2	2	2	2	2	2	2	2	2	2	2	2	2	2	2	2	2	2	2	2	2	2	2	2	2	2	2	2	2	2	2	2	2	2	2	2	2	2	2	2	2	2	2	2	2	2	2	2	2	2	2	2	2	2	2	2	2	2	2	2	2	2	2	2	2	2	2	2	2	2	2	2	2	2	2	2	2	2	2	2	2	2	2	2	2	2	2	2	2	2	2	2	2	2	2	2	2	2	2	2	2	2	2	2	2	2	2	2	2	2	2	2	2	2	2	2	2	2	2	2	2	2	2	2	2	2	2	2	2	2	2	2	2	2	2	2	2	2	2	2	2	2	2	2	2	2	2	2	2	2	2	2	2	2	2	2	2	2	2	2	2	2	2	2	2	2	2	2	2	2	2	2	2	2	2	2	2	2	2	2	2	2	2	2	2	2	2	2	2	2	2	2	2	2	2	2	2	2	2	2	2	2	2	2	2	2	2	2	2	2	2	2	2	2	2	2	2	2	2	2	2	2	2	2	2	2	2	2	2	2	2	2	2	2	2	2	2	2	2	2	2	2	2	2	2	2	2	2	2	2	2	2	2	2	2	2	2	2	2	2	2	2	2	2	2	2	2	2	2	2	2	2	2	2	2	2	2	2	2	2	2	2	2	2	2	2	2	2	2	2	2	2	2	2	2	2	2	2	2	2	2	2	2	2	2	2	2	2	2	2	2	2	2	2	2	2	2	2	2	2	2	2	2	3	3	3	3	3	3	3	3	3	3	3	3	3	3	3	3	3	3	3	3	3	3	3	3	3	3	3	3	3	3	3	3	3	3	3	3	3	3	3	3	3	3	3	3	3	3	3	3	3	3	3	3	3	3	3	3	3	3	3	3	3	3	3	3	3	3	3	3	3	3	3	3	3	3	3	3	3	3	3	3	3	3	3	3	3	3	3	3	3	3	3	3	3	3	3	3	3	3	3	3	3	3	3	3	3	3	3	3	3	3	3	3	3	3	3	3	3	3	3	3	3	3	3	3	3	3	3	3	3	3	3	3	3	3	3	3	3	3	3	3	3	3	3	3	3	3	3	3	3	3	3	3	3	3	3	3	3	3	3	3	3	3	3	3	3	4	4	4	4	4	4	4	4	4	4	4	4	4	4	4	4	4	4	4	4	4	4	4	4	4	4	4	4	4	4	4	4	4	4	4	4	4	4	4	4	4	4	4	4	4	4	4	4	4	4	4	4	4	4	4	4	4	4	4	4	4	4	4	4	4	4	4	4	5	5	5	5	5	5	5	5	5	5	5	5	5	5	5	5	5	5	5	5	5	5	5	5	5	5	5	5	5	5	5	5	5	6	6	6	6	6	6	6	6	6	6	6	6	6	6	6	6	6	6	6	6	6	7	7	7	7	7	7	7	7	7	7	7	7	8	8	8	8	8	8	8	8	8	8	9	9	10	10	10	11	11	12	12	13	13	13	14	14	14	16	17	17	18	18	18	20	22	27	31	31	32	33
LIST OF HOMONYMS: 1	3	2	5	1	1	1	1	3	1	1	1	12	2	1	1	2	3	1	4	1	2	2	10	3	8	1	1	2	2	1	3	5	4	3	3	1	1	4	4	2	4	1	3	2	2	2	2	2	1	2	2	2	2	1	3	6	3	2	1	3	2	3	2	2	2	1	1	2	1	2	1	1	3	1	2	5	1	3	2	1	2	2	2	2	1	1	2	2	1	4	2	2	2	1	2	1	3	3	2	31	2	1	3	4	1	3	2	2	1	1	2	1	5	1	1	3	1	1	3	2	1	2	2	3	6	1	4	2	3	8	3	2	2	2	2	2	1	1	2	2	3	2	1	3	2	1	1	2	1	2	1	1	2	5	5	2	7	4	2	2	2	3	3	6	1	2	2	3	1	2	7	3	1	2	1	5	3	1	4	1	4	2	2	1	3	2	2	4	2	2	1	2	6	2	2	1	22	2	1	1	1	1	1	2	2	2	1	4	1	8	2	1	1	2	2	1	3	6	1	2	1	4	1	3	1	7	3	2	2	2	2	2	1	1	1	1	1	2	33	4	1	2	4	3	2	3	4	1	1	1	2	2	1	2	2	1	2	1	2	1	4	3	1	3	2	1	6	1	4	2	1	1	1	2	2	1	1	1	4	2	1	3	1	3	2	2	3	1	2	4	2	4	1	2	2	1	3	1	3	5	2	1	3	2	2	1	5	2	1	2	2	3	3	1	2	2	2	2	1	2	3	2	2	1	1	1	1	2	2	2	2	2	1	1	2	1	2	1	2	3	1	1	1	3	1	2	1	1	2	2	2	1	2	4	3	5	2	2	2	1	2	1	1	2	6	2	2	2	3	2	1	5	1	2	1	1	1	5	1	1	1	1	1	2	2	1	1	2	3	1	4	2	1	2	3	1	2	1	3	1	2	1	2	2	2	1	2	1	1	3	1	2	2	14	1	1	2	2	2	2	2	3	4	3	1	2	2	2	3	2	1	3	2	7	3	1	2	1	3	4	1	2	2	2	1	2	1	4	1	2	2	2	1	4	2	3	32	3	1	4	2	2	2	3	1	1	2	4	7	2	2	2	2	1	3	1	1	2	1	3	1	2	1	5	2	1	1	1	1	2	1	2	3	1	6	1	5	2	1	1	2	2	1	1	1	2	1	5	2	7	2	2	2	1	2	1	3	2	2	4	2	1	2	1	1	1	1	1	18	1	2	1	1	3	1	3	4	3	3	3	6	3	1	1	2	2	1	2	1	1	18	6	1	2	6	1	1	6	14	1	2	1	6	2	1	1	2	3	4	2	2	2	27	13	1	3	2	1	2	3	2	1	1	1	1	1	2	2	3	3	2	2	2	3	2	1	1	3	4	5	1	2	2	5	2	1	2	2	1	2	2	1	4	3	1	2	3	4	1	4	1	4	2	9	7	2	2	1	1	1	1	4	2	1	3	1	3	1	2	3	8	1	5	2	3	1	2	1	1	1	3	1	1	3	1	3	2	1	2	4	2	2	2	2	2	1	3	2	3	2	1	2	1	13	1	2	1	2	3	2	11	1	1	2	2	2	1	2	2	1	3	3	2	2	3	1	1	1	2	2	2	4	1	1	2	1	3	1	2	1	2	8	2	2	2	1	1	2	4	3	1	1	3	12	3	3	2	2	3	1	1	2	3	3	1	1	2	3	2	1	1	2	1	2	2	1	1	3	5	4	3	2	2	5	1	1	5	6	1	2	1	2	1	2	3	1	1	7	4	1	1	5	10	4	2	2	1	2	1	1	2	2	8	1	1	1	2	3	1	16	6	2	3	5	1	1	2	2	1	1	2	1	7	2	2	2	2	3	2	3	2	1	2	1	3	1	2	3	1	2	3	4	2	1	3	1	1	1	1	2	20	2	4	2	2	2	2	1	1	31	2	2	2	3	3	2	2	1	2	2	1	3	3	4	1	1	1	2	2	1	1	11	2	2	1	2	2	2	9	1	1	2	3	1	2	1	2	1	2	1	3	1	4	2	1	2	1	1	2	2	5	2	2	1	1	2	2	4	3	2	2	1	3	2	2	1	17	2	1	1	1	2	1	3	1	2	3	3	1	3	2	1	1	1	1	1	3	2	3	1	2	2	10	2	1	1	2	1	1	1	2	3	2	1	1	1	2	2	1	1	1	2	2	1	2	1	1	1	4	2	2	3	2	1	3	1	3	5	2	6	5	2	2	2	2	2	2	3	2	1	2	1	4	3	2	1	2	5	2	1	1	1	5	3	1	1	1	3	2	7	1	1	3	2	1	1	2	1	2	1	1	1	6	2	1	3	2	2	2	2	2	2	1	1	1	2	2	2	2	1	3	1	7	2	2	1	1	1	1	1	2	2	4	2	2	1	1	1	1	1	2	1	2	2	1	1	1	1	4	4	1	1	2	3	2	3	6	2	1	2	1	4	14	1	2	2	1	2	8	2	1	1	1	2	1	2	8	1	2	2	4	2	17	7	8	2	2	2	2	2	4	2	2	1	1	1	3	1	1	2	1	2	4	2	1	3	1	1	1	1	1	1	1	2	1	2	1	2	1	3	2	3	3	2	4	2	2	2	2	1	1	4	1	3	2	1	2	4	1	1	2	1	1	2	1	2	1	1	1	2	1	1	1	1	18	1	3	2	2	1	2	2	1	2	2	1	5	3	2	3	1	1	2	2	1	2	3	3	2	5	3	1	1	2	2	2	2	2	4	1	6	5	1	3	2	2	2	2	4	3	2	1	1	2	2	2	1	2	2	2	1	2	2	1	2	1	1	2	2	1	2	4	2	2	3	2	2	2	1	1	4	1	2	4	2	1	1	2	2	2	2	2	1	2	3	5	6	2	2	3	3	6	1	3	13	3	1	2	3	1	8	3	4	2	2	5	2	1	1	1
ELAPSED TIME S: 2040.568
ELAPSED TIME M: 34.0094666666667
