NaN
0.0769230769230769
0.1
0.0833333333333334
0.111111111111111
0.222222222222222
0.0
0.333333333333333
0.2
0.166666666666667
0.307692307692308
0.166666666666667
0.111111111111111
0.111111111111111
0.166666666666667
0.307692307692308
0.111111111111111
0.307692307692308
0.230769230769231
0.0
0.3
0.222222222222222
0.25
0.0833333333333334
0.0833333333333334
0.0833333333333334
0.0833333333333334
0.1
0.0833333333333334
0.0833333333333334
0.363636363636364
0.3
0.0833333333333334
0.2
0.25
0.266666666666667
0.0
0.125
0.1
0.0
0.4
0.0833333333333334
0.333333333333333
0.111111111111111
0.1
0.0833333333333334
0.1
0.0833333333333334
0.166666666666667
0.222222222222222
0.0833333333333334
0.4
0.0
0.0833333333333334
0.266666666666667
0.222222222222222
0.307692307692308
0.230769230769231
0.0769230769230769
0.133333333333333
0.25
0.0
0.133333333333333
0.0
0.266666666666667
0.111111111111111
0.222222222222222
0.307692307692308
0.222222222222222
0.0833333333333334
0.0
0.25
0.153846153846154
0.0
0.111111111111111
0.111111111111111
0.0
0.181818181818182
0.181818181818182
0.222222222222222
0.153846153846154
0.111111111111111
0.2
0.111111111111111
0.181818181818182
0.222222222222222
0.0
0.111111111111111
0.153846153846154
0.222222222222222
0.0
0.375
0.3
0.111111111111111
0.111111111111111
0.0
0.166666666666667
0.0769230769230769
0.111111111111111
0.111111111111111
0.0
0.111111111111111
0.111111111111111
0.153846153846154
0.0833333333333334
0.2
0.0
0.153846153846154
0.166666666666667
0.0
0.166666666666667
0.181818181818182
0.133333333333333
0.0
0.25
0.111111111111111
0.133333333333333
0.111111111111111
0.0
0.222222222222222
0.2
0.111111111111111
0.0
0.0
0.153846153846154
0.222222222222222
0.181818181818182
0.111111111111111
0.0
0.0
0.166666666666667
0.111111111111111
0.2
0.181818181818182
0.0666666666666666
0.0
0.0833333333333334
0.133333333333333
0.0666666666666666
0.222222222222222
0.133333333333333
0.111111111111111
0.0
0.333333333333333
0.266666666666667
0.0
0.0
0.0
