NaN
0.153846153846154
0.0909090909090909
0.25
0.333333333333333
0.0
0.0833333333333334
0.0833333333333334
0.0833333333333334
0.333333333333333
0.307692307692308
0.111111111111111
0.111111111111111
0.0
0.133333333333333
0.230769230769231
0.0
0.214285714285714
0.307692307692308
0.0
0.3
0.222222222222222
0.4
0.166666666666667
0.166666666666667
0.181818181818182
0.166666666666667
0.2
0.166666666666667
0.0833333333333334
0.363636363636364
0.0
0.0833333333333334
0.307692307692308
0.222222222222222
0.307692307692308
0.166666666666667
0.181818181818182
0.166666666666667
0.0
0.363636363636364
0.0833333333333334
0.2
0.0
0.166666666666667
0.166666666666667
0.166666666666667
