NaN
0.0769230769230769
0.1
0.0833333333333334
0.333333333333333
0.222222222222222
0.0
0.222222222222222
0.333333333333333
0.166666666666667
0.153846153846154
0.166666666666667
0.111111111111111
0.0
0.166666666666667
0.307692307692308
0.111111111111111
0.266666666666667
0.307692307692308
0.0
0.2
0.222222222222222
0.333333333333333
0.166666666666667
0.166666666666667
0.166666666666667
0.166666666666667
0.1
0.166666666666667
0.166666666666667
0.363636363636364
0.333333333333333
0.0833333333333334
0.2
0.25
0.266666666666667
0.166666666666667
0.125
0.166666666666667
0.0
0.363636363636364
0.0833333333333334
0.3
0.0
0.166666666666667
0.166666666666667
0.0833333333333334
0.166666666666667
0.25
0.222222222222222
0.0833333333333334
0.2
0.111111111111111
0.166666666666667
0.266666666666667
0.111111111111111
0.142857142857143
0.142857142857143
0.133333333333333
0.133333333333333
0.166666666666667
0.0
0.0666666666666666
0.0
0.2
0.111111111111111
0.3
0.333333333333333
0.222222222222222
0.230769230769231
0.0909090909090909
0.333333333333333
0.133333333333333
0.0
0.111111111111111
0.111111111111111
0.0909090909090909
0.25
0.25
0.3
0.133333333333333
0.111111111111111
0.272727272727273
0.125
0.166666666666667
0.222222222222222
0.0833333333333334
0.111111111111111
0.0666666666666666
0.111111111111111
0.166666666666667
0.25
0.3
0.111111111111111
0.111111111111111
0.166666666666667
0.166666666666667
0.0666666666666666
0.111111111111111
0.111111111111111
0.0
0.111111111111111
0.111111111111111
0.142857142857143
0.0833333333333334
0.2
0.166666666666667
0.307692307692308
0.0833333333333334
0.166666666666667
0.166666666666667
0.166666666666667
