HEURISTIC ELAPSED TIME: 2159.796
Parameters:
verbose => false
logfile => 
source => http://localhost:8890/sparql?default-graph-uri=http://nytimes.org
target => http://localhost:8894/sparql?default-graph-uri=http://dbpedia.org
class =>  <http://data.nytimes.com/elements/nytd_org> 
append => a
format => txt
chunk => 150
topk => 1
offset => 0
stringthreshold => 0.7
usepivot => true
blocking => true
transitionupdate => false
globalrecall => true
aligner => NoAligner
ranker => TimeBasedTransitionRanking
selector => DecisionTreeSelectionAlgorithm
searcher => Baseline
learningpercent => 0.2
transitionfailurerate => 1.0
qconly => false
name => S-agnostic
$shuffle
true
$orderbyclause

$orderby

 & S-agnostic  & 4 & 4.0   & 18.11  & 1771.86 & 13.93 & 33.54 & 19.68  \\ 
LEARNING TIME: 18.106
SEARCH TIME: 1771.861
MATCHER TIME: 387.403
TOTAL TIME: 2177.37
PAIR COMPLETENESS: 0.335368956743003
RECALL: 0.277862595419847
PRECISON: 0.679950186799502
FMEASURE: 0.394508670520231
FOUND INSTANCES: 803
NUMBER QUERIES: 7860
RATIO NUMBER QUERIES / INSTANCES: 4.0
RATIO QUERIES/POSITIVES: 0.102162849872774
RATIO QUERIES/NEGATIVES: 0.897837150127226
NUMBER HOMONYMS: 5765
RATIO HOMONYMS/INSTANCES: 7.17932752179327
INSTANCES / HOMONYMS RATIO: 0.139288811795317
SORTED LIST OF HOMONYMS: 1	1	1	1	1	1	1	1	1	1	1	1	1	1	1	1	1	1	1	1	1	1	1	1	1	1	1	1	1	1	1	1	1	1	1	1	1	1	1	1	1	1	1	1	1	1	1	1	1	1	1	1	1	1	1	1	1	1	1	1	1	1	1	1	1	1	1	1	1	1	1	1	1	1	1	1	1	1	1	1	1	1	1	1	1	1	1	1	1	1	1	1	1	1	1	1	1	1	1	1	1	1	1	1	1	1	1	1	1	1	1	1	1	1	1	1	1	1	1	1	1	1	1	1	1	1	1	1	1	1	1	1	1	1	1	1	1	1	1	1	1	1	1	1	1	1	1	1	1	1	1	1	1	1	1	1	1	1	1	1	1	1	1	1	1	1	1	1	1	1	1	1	1	1	1	1	1	1	1	1	1	1	1	1	1	1	1	1	1	1	1	1	1	1	1	1	1	1	1	1	1	1	1	1	1	1	1	1	1	1	1	1	1	1	1	1	1	1	1	1	1	1	1	1	1	1	1	1	1	1	1	1	1	1	1	1	1	1	1	1	1	1	1	1	1	1	1	1	1	1	1	1	1	1	1	1	1	1	1	1	1	1	1	1	1	1	1	1	2	2	2	2	2	2	2	2	2	2	2	2	2	2	2	2	2	2	2	2	2	2	2	2	2	2	2	2	2	2	2	2	2	2	2	2	2	2	2	2	2	2	2	2	2	2	2	2	2	2	2	2	2	2	2	2	2	2	2	2	2	2	2	2	2	2	2	2	2	2	2	2	2	2	2	2	2	2	2	2	2	2	2	2	2	2	2	2	2	2	2	2	2	2	2	2	2	2	2	2	2	2	2	2	2	2	2	2	2	2	2	2	2	2	2	2	2	2	2	2	2	2	2	2	2	2	2	2	2	2	2	2	2	2	2	2	2	3	3	3	3	3	3	3	3	3	3	3	3	3	3	3	3	3	3	3	3	3	3	3	3	3	3	3	3	3	3	3	3	3	3	3	3	3	3	3	3	3	3	3	3	3	3	3	3	3	3	3	3	3	3	3	3	3	3	3	3	3	3	3	3	3	3	3	3	3	3	3	3	3	3	3	3	4	4	4	4	4	4	4	4	4	4	4	4	4	4	4	4	4	4	4	4	4	4	4	4	4	4	4	4	4	4	4	4	4	4	4	4	4	4	5	5	5	5	5	5	5	5	5	5	5	5	5	5	5	5	5	5	5	5	5	5	5	5	5	5	5	5	5	5	5	5	5	5	5	6	6	6	6	6	6	6	6	6	6	6	6	6	6	6	7	7	7	7	7	7	7	7	7	7	7	7	7	7	7	7	8	8	8	8	8	8	8	8	8	8	9	9	9	9	9	9	9	9	9	10	10	10	10	10	10	10	10	10	10	10	10	11	11	11	11	11	11	11	11	11	12	12	12	12	12	12	12	12	12	12	12	12	12	13	13	13	13	13	13	14	14	14	14	14	14	14	14	15	15	15	15	15	15	16	16	16	16	16	16	16	16	17	17	17	17	17	18	18	18	18	18	18	18	19	19	19	19	19	20	20	20	20	20	20	21	21	21	21	21	22	23	23	23	23	23	23	23	23	23	23	23	24	24	24	24	24	24	24	25	25	25	25	25	25	26	26	26	26	26	26	26	26	26	26	27	27	27	27	27	27	27	27	27	27	27	27	27	28	28	28	28	28	28	28	28	28	28	28	28	28	28	28	28	29	29	29	29	29	29	29	29	29	29	29	30	30	30	30	30	30	30	30	30	30	30	30	30	30	30	30	30	30	30	30	30	30	30	30	30	30	30	30	30	30	30	30	30	30
LIST OF HOMONYMS: 23	2	1	1	12	13	1	11	5	3	6	1	1	1	28	26	3	1	1	7	4	4	7	9	27	21	30	2	1	1	1	1	5	6	27	8	12	3	1	1	3	1	7	1	1	1	2	30	3	30	29	3	2	5	1	2	7	24	18	24	26	3	30	1	3	25	1	2	1	2	1	23	3	1	6	1	2	2	2	29	13	27	14	18	1	1	2	3	17	2	28	1	17	1	2	30	16	5	7	1	13	4	1	3	1	27	4	14	10	20	5	15	3	1	1	14	3	21	4	3	4	1	5	25	1	12	2	1	1	2	3	1	25	6	1	1	4	1	2	1	1	28	1	1	10	3	1	30	7	1	19	3	1	1	8	23	28	1	4	1	3	20	3	1	4	1	26	8	3	1	1	30	2	1	1	6	1	2	1	4	9	4	2	1	3	3	26	1	1	2	2	1	9	5	2	27	14	2	1	25	1	1	2	5	11	2	1	1	6	1	2	2	1	10	1	3	1	10	1	1	15	2	4	1	7	2	30	1	1	5	7	5	17	1	24	5	4	1	29	1	1	30	4	2	16	1	2	1	1	1	3	23	2	1	2	29	1	1	18	2	1	7	5	3	4	11	2	1	3	3	5	27	2	1	5	5	1	2	1	2	1	2	27	11	6	28	9	13	3	2	20	10	1	23	27	3	4	5	4	6	1	3	27	1	1	30	30	1	1	1	2	1	2	1	9	12	9	1	12	4	3	2	1	30	1	1	22	2	1	4	2	1	1	1	1	1	3	1	11	3	2	30	1	1	2	2	28	18	1	6	23	2	16	1	1	3	11	5	3	29	10	1	2	1	4	9	1	1	9	12	3	2	21	4	1	28	28	11	25	2	7	1	29	1	3	2	2	30	1	1	1	2	26	26	3	1	1	1	4	1	1	1	8	27	30	1	5	1	2	1	2	1	1	7	1	1	6	28	1	4	13	2	14	1	1	14	1	2	2	19	1	1	1	30	10	29	1	7	3	1	2	11	1	2	9	1	1	1	12	23	16	1	2	29	3	10	3	20	2	1	29	1	26	15	4	1	1	1	18	1	2	2	3	4	3	2	1	12	28	2	10	30	30	30	1	1	6	5	1	30	1	2	2	1	1	3	30	12	3	5	6	1	1	1	2	2	2	3	1	3	2	1	1	5	3	1	2	3	5	3	4	1	3	2	1	29	2	1	15	30	3	1	1	2	1	2	3	3	5	2	1	2	1	4	2	2	2	4	8	1	2	2	28	6	1	4	1	1	2	10	2	5	1	2	23	5	1	3	5	1	1	28	1	3	1	18	1	24	28	1	1	1	2	5	3	29	1	1	2	20	2	1	2	1	1	1	23	2	19	2	2	2	4	4	2	3	3	24	23	30	23	1	2	2	20	2	4	3	2	2	1	1	16	16	1	2	3	7	3	17	5	1	2	1	1	2	1	30	3	2	18	25	3	21	1	17	2	12	2	1	4	1	30	15	4	1	1	1	1	1	1	1	12	3	1	10	1	5	2	2	1	3	28	1	3	27	30	12	1	1	1	30	1	2	1	28	5	2	2	2	1	1	3	1	3	1	1	1	1	26	1	8	4	2	3	2	4	1	3	2	2	1	15	4	16	2	1	3	6	5	1	1	2	2	1	1	1	27	3	1	1	1	1	8	7	5	4	1	1	19	5	5	2	1	24	2	1	2	26	28	21	24	1	2	1	2	2	3	2	30	30	19	1	2	1	30	1	8	2	6	1	2	10	1	1	8	8	2	2	11	13	3	2	7	2	14	16	30	14	1	12	3	30	26	2	30	27	30	1	1	7	5	1
ELAPSED TIME S: 2184.502
ELAPSED TIME M: 36.4083666666667
