HEURISTIC ELAPSED TIME: 2185.572
Parameters:
verbose => false
logfile => 
source => http://localhost:8890/sparql?default-graph-uri=http://nytimes.org
target => http://localhost:8894/sparql?default-graph-uri=http://dbpedia.org
class =>  <http://data.nytimes.com/elements/nytd_org> 
append => a
format => txt
chunk => 150
topk => 1
offset => 0
stringthreshold => 0.7
usepivot => true
blocking => true
transitionupdate => false
globalrecall => true
aligner => NoAligner
ranker => TimeBasedTransitionRanking
selector => DecisionTreeSelectionAlgorithm
searcher => Baseline
learningpercent => 0.2
transitionfailurerate => 1.0
qconly => false
sparqllimit => 50
name => S-agnostic
$shuffle
true
$orderbyclause

$orderby

 & S-agnostic  & 4 & 4.0   & 9.83  & 1613.8 & 10.94 & 36.93 & 16.88  \\ 
LEARNING TIME: 9.829
SEARCH TIME: 1613.797
MATCHER TIME: 571.47
TOTAL TIME: 2195.1
PAIR COMPLETENESS: 0.369332654100866
RECALL: 0.307182883341824
PRECISON: 0.689142857142857
FMEASURE: 0.424947145877378
FOUND INSTANCES: 876
NUMBER QUERIES: 7860
RATIO NUMBER QUERIES / INSTANCES: 4.0
RATIO QUERIES/POSITIVES: 0.111450381679389
RATIO QUERIES/NEGATIVES: 0.888549618320611
NUMBER HOMONYMS: 8007
RATIO HOMONYMS/INSTANCES: 9.14041095890411
INSTANCES / HOMONYMS RATIO: 0.109404271262645
SORTED LIST OF HOMONYMS: 1	1	1	1	1	1	1	1	1	1	1	1	1	1	1	1	1	1	1	1	1	1	1	1	1	1	1	1	1	1	1	1	1	1	1	1	1	1	1	1	1	1	1	1	1	1	1	1	1	1	1	1	1	1	1	1	1	1	1	1	1	1	1	1	1	1	1	1	1	1	1	1	1	1	1	1	1	1	1	1	1	1	1	1	1	1	1	1	1	1	1	1	1	1	1	1	1	1	1	1	1	1	1	1	1	1	1	1	1	1	1	1	1	1	1	1	1	1	1	1	1	1	1	1	1	1	1	1	1	1	1	1	1	1	1	1	1	1	1	1	1	1	1	1	1	1	1	1	1	1	1	1	1	1	1	1	1	1	1	1	1	1	1	1	1	1	1	1	1	1	1	1	1	1	1	1	1	1	1	1	1	1	1	1	1	1	1	1	1	1	1	1	1	1	1	1	1	1	1	1	1	1	1	1	1	1	1	1	1	1	1	1	1	1	1	1	1	1	1	1	1	1	1	1	1	1	1	1	1	1	1	1	1	1	1	1	1	1	1	1	1	1	1	1	1	1	1	1	1	1	1	1	1	1	1	1	1	1	1	1	1	1	1	1	1	1	1	1	1	1	1	1	1	1	1	1	1	1	1	1	1	1	1	1	1	1	1	1	1	1	1	1	1	1	1	1	1	1	1	1	1	1	1	1	1	1	1	1	1	2	2	2	2	2	2	2	2	2	2	2	2	2	2	2	2	2	2	2	2	2	2	2	2	2	2	2	2	2	2	2	2	2	2	2	2	2	2	2	2	2	2	2	2	2	2	2	2	2	2	2	2	2	2	2	2	2	2	2	2	2	2	2	2	2	2	2	2	2	2	2	2	2	2	2	2	2	2	2	2	2	2	2	2	2	2	2	2	2	2	2	2	2	2	2	2	2	2	2	2	2	2	2	2	2	2	2	2	2	2	2	2	2	2	2	2	2	2	2	2	2	2	2	2	2	2	2	2	2	2	2	2	2	2	2	2	2	2	2	2	2	2	2	2	2	2	2	2	2	3	3	3	3	3	3	3	3	3	3	3	3	3	3	3	3	3	3	3	3	3	3	3	3	3	3	3	3	3	3	3	3	3	3	3	3	3	3	3	3	3	3	3	3	3	3	3	3	3	3	3	3	3	3	3	3	3	3	3	3	3	3	3	3	3	3	3	3	3	3	3	3	3	3	3	3	3	3	4	4	4	4	4	4	4	4	4	4	4	4	4	4	4	4	4	4	4	4	4	4	4	4	4	4	4	4	4	4	4	4	4	4	4	4	4	4	4	4	4	4	4	4	4	5	5	5	5	5	5	5	5	5	5	5	5	5	5	5	5	5	5	5	5	5	5	5	5	5	6	6	6	6	6	6	6	6	6	6	6	6	6	6	6	6	6	6	6	6	7	7	7	7	7	7	7	7	7	7	7	7	7	7	7	7	8	8	8	8	8	8	8	8	8	8	8	9	9	9	9	9	9	9	10	10	10	10	10	10	10	10	10	10	10	10	10	10	11	11	11	11	11	11	11	11	11	11	11	12	12	12	12	12	12	12	12	13	13	13	13	13	13	13	14	14	14	14	14	14	15	15	15	15	15	16	16	16	16	16	16	16	17	17	17	17	17	17	18	18	18	18	18	19	19	19	19	19	19	19	20	20	20	20	21	21	21	21	21	21	21	22	22	22	23	23	23	23	23	23	24	24	24	24	24	25	25	25	25	26	27	28	28	28	29	30	30	30	31	31	32	32	32	33	33	33	34	34	34	34	36	36	36	37	37	37	37	38	38	38	38	38	40	40	40	40	41	43	43	43	43	43	44	44	44	45	45	45	45	45	45	46	46	46	46	46	47	47	47	47	47	47	47	47	47	47	48	48	48	48	48	48	48	48	48	48	48	49	49	49	49	49	49	49	49	50	50	50	50	50	50	50	50	50	50	50	50	50	50	50	50	50	50	50	50	50	50	50	50	50
LIST OF HOMONYMS: 3	43	2	1	1	7	1	32	13	1	11	6	3	6	1	1	1	48	46	3	1	1	7	6	4	4	7	9	47	21	50	2	1	1	1	1	2	3	6	47	8	12	3	1	1	3	1	16	1	1	1	2	2	50	3	45	49	3	2	5	1	2	7	44	19	24	28	4	50	1	3	45	1	2	1	2	1	23	3	1	6	1	2	2	2	2	1	3	13	38	34	18	1	1	2	3	17	2	3	48	1	37	1	2	2	50	16	5	7	1	1	33	4	10	3	1	47	11	4	14	10	40	6	1	3	1	1	14	10	21	4	3	4	1	5	25	1	32	2	10	1	1	2	3	8	1	45	6	1	1	4	1	2	2	1	1	33	1	1	10	2	3	1	50	4	1	19	4	1	1	1	43	48	1	4	1	3	20	3	1	4	1	46	1	28	3	1	4	1	50	3	1	1	6	1	2	1	1	4	9	4	2	1	3	3	30	1	1	2	2	1	1	5	2	2	47	14	2	1	45	1	1	2	5	11	2	1	1	6	1	2	2	1	10	1	3	1	10	1	1	16	2	4	1	7	2	46	1	1	5	7	10	5	1	1	24	2	4	1	1	49	1	1	1	50	4	2	20	1	2	1	1	1	3	43	2	1	2	49	1	1	18	2	1	7	5	3	4	11	2	1	1	3	6	47	8	2	1	12	5	1	2	1	2	1	2	6	11	6	38	9	13	3	2	40	10	1	23	38	3	18	4	22	24	6	1	3	1	47	1	1	44	50	1	1	1	1	2	1	2	1	29	12	21	1	1	4	3	19	12	1	50	1	1	22	2	1	4	2	1	1	1	1	1	3	1	31	3	2	50	1	1	1	2	2	48	18	1	6	31	2	36	1	1	1	11	5	3	49	30	1	2	1	4	9	1	1	9	7	12	3	2	21	4	1	48	41	11	25	2	7	2	1	1	49	1	3	2	2	50	1	4	1	7	26	38	3	1	1	1	19	1	1	1	8	47	50	1	5	1	3	1	2	1	1	7	1	1	6	48	1	4	13	2	14	11	1	1	2	1	2	2	4	19	1	1	1	34	10	37	1	7	3	1	2	11	1	2	9	1	1	1	12	23	36	1	2	49	2	10	3	20	2	1	34	1	27	15	4	1	1	1	1	38	1	3	2	3	4	3	2	1	13	48	1	22	30	50	50	50	1	1	6	5	1	50	1	2	2	1	1	3	50	16	3	4	6	1	1	1	2	7	2	2	3	3	1	3	2	1	1	9	3	1	2	3	1	3	4	1	3	1	2	2	3	1	49	2	1	15	50	3	1	1	2	1	2	3	4	5	2	1	2	2	1	1	2	1	2	4	8	1	2	4	28	6	1	1	1	1	2	10	2	1	1	2	3	23	5	1	3	5	1	1	48	1	3	1	2	1	24	33	1	1	1	1	1	5	23	49	1	1	17	2	20	2	1	3	2	1	1	1	23	2	19	2	2	2	4	4	2	3	3	40	43	50	43	1	2	2	36	2	4	3	2	2	1	3	1	16	16	1	2	3	11	3	17	2	5	1	2	1	1	2	1	37	3	11	18	45	5	3	21	1	1	2	13	2	1	4	1	37	15	4	1	1	1	1	1	1	1	1	12	5	2	1	10	1	5	2	1	2	1	5	48	1	3	47	50	17	1	1	2	1	1	40	1	2	1	48	2	2	2	2	1	1	3	1	2	2	3	1	1	1	8	1	1	32	1	1	8	4	2	3	2	4	1	3	2	1	2	1	1	15	4	16	3	2	1	3	1	6	25	1	1	1	2	2	1	10	1	1	47	3	1	1	1	1	8	14	5	4	1	1	25	2	5	5	2	1	44	2	1	2	46	48	21	24	17	2	1	2	2	4	7	2	34	50	19	1	2	2	1	50	1	8	2	6	1	2	1	1	15	4	1	8	8	2	2	21	13	3	1	7	2	2	17	50	14	1	12	3	45	1	46	2	50	47	1	50	1	1	1	5	1	1
ELAPSED TIME S: 2588.661
ELAPSED TIME M: 43.14435
