HEURISTIC ELAPSED TIME: 2741.03
Parameters:
verbose => false
logfile => 
source => http://localhost:8890/sparql?default-graph-uri=http://nytimes.org
target => http://localhost:8894/sparql?default-graph-uri=http://dbpedia.org
class =>  <http://data.nytimes.com/elements/nytd_org> 
append => a
format => txt
chunk => 150
topk => 1
offset => 0
stringthreshold => 0.7
usepivot => true
blocking => true
transitionupdate => false
globalrecall => true
aligner => HierarchicalClusterAligner
ranker => TimeBasedTransitionRanking
selector => DecisionTreeSelectionAlgorithm
searcher => Baseline
learningpercent => 0.2
transitionfailurerate => 1.0
qconly => false
sparqllimit => 50
name => S-based
$shuffle
true
$orderbyclause

$orderby

 & S-based  & 3 & 3.0   & 256.54  & 2609.63 & 40.93 & 61.07 & 49.01  \\ 
LEARNING TIME: 256.538
SEARCH TIME: 2609.633
MATCHER TIME: 130.862
TOTAL TIME: 2997.03
PAIR COMPLETENESS: 0.610687022900763
RECALL: 0.571501272264631
PRECISON: 0.822710622710623
FMEASURE: 0.674474474474474
FOUND INSTANCES: 1362
NUMBER QUERIES: 5895
RATIO NUMBER QUERIES / INSTANCES: 3.0
RATIO QUERIES/POSITIVES: 0.463104325699745
RATIO QUERIES/NEGATIVES: 0.536895674300254
NUMBER HOMONYMS: 3328
RATIO HOMONYMS/INSTANCES: 2.44346549192364
INSTANCES / HOMONYMS RATIO: 0.409254807692308
SORTED LIST OF HOMONYMS: 1	1	1	1	1	1	1	1	1	1	1	1	1	1	1	1	1	1	1	1	1	1	1	1	1	1	1	1	1	1	1	1	1	1	1	1	1	1	1	1	1	1	1	1	1	1	1	1	1	1	1	1	1	1	1	1	1	1	1	1	1	1	1	1	1	1	1	1	1	1	1	1	1	1	1	1	1	1	1	1	1	1	1	1	1	1	1	1	1	1	1	1	1	1	1	1	1	1	1	1	1	1	1	1	1	1	1	1	1	1	1	1	1	1	1	1	1	1	1	1	1	1	1	1	1	1	1	1	1	1	1	1	1	1	1	1	1	1	1	1	1	1	1	1	1	1	1	1	1	1	1	1	1	1	1	1	1	1	1	1	1	1	1	1	1	1	1	1	1	1	1	1	1	1	1	1	1	1	1	1	1	1	1	1	1	1	1	1	1	1	1	1	1	1	1	1	1	1	1	1	1	1	1	1	1	1	1	1	1	1	1	1	1	1	1	1	1	1	1	1	1	1	1	1	1	1	1	1	1	1	1	1	1	1	1	1	1	1	1	1	1	1	1	1	1	1	1	1	1	1	1	1	1	1	1	1	1	1	1	1	1	1	1	1	1	1	1	1	1	1	1	1	1	1	1	1	1	1	1	1	1	1	1	1	1	1	1	1	1	1	1	1	1	1	1	1	1	1	1	1	1	1	1	1	1	1	1	1	1	1	1	1	1	1	1	1	1	1	1	1	1	1	1	1	1	1	1	1	1	1	1	1	1	1	1	1	1	1	1	1	1	1	1	1	1	1	1	1	1	1	1	1	1	1	1	1	1	1	1	1	1	1	1	1	1	1	1	1	1	1	1	1	1	1	1	1	1	1	1	1	1	1	1	1	1	1	1	1	1	1	1	1	1	1	1	1	1	1	1	1	1	1	1	1	1	1	1	1	1	1	1	1	1	1	1	1	1	1	1	1	1	1	1	1	1	1	1	1	1	1	1	1	1	1	1	1	1	1	1	1	1	1	1	1	1	1	1	1	1	1	1	1	1	1	1	1	1	1	1	1	1	1	1	1	1	1	1	1	1	1	1	1	1	1	2	2	2	2	2	2	2	2	2	2	2	2	2	2	2	2	2	2	2	2	2	2	2	2	2	2	2	2	2	2	2	2	2	2	2	2	2	2	2	2	2	2	2	2	2	2	2	2	2	2	2	2	2	2	2	2	2	2	2	2	2	2	2	2	2	2	2	2	2	2	2	2	2	2	2	2	2	2	2	2	2	2	2	2	2	2	2	2	2	2	2	2	2	2	2	2	2	2	2	2	2	2	2	2	2	2	2	2	2	2	2	2	2	2	2	2	2	2	2	2	2	2	2	2	2	2	2	2	2	2	2	2	2	2	2	2	2	2	2	2	2	2	2	2	2	2	2	2	2	2	2	2	2	2	2	2	2	2	2	2	2	2	2	2	2	2	2	2	2	2	2	2	2	2	2	2	2	2	2	2	2	2	2	2	2	2	2	2	2	2	2	2	2	2	2	2	2	2	2	2	2	2	2	2	2	2	2	2	2	2	2	2	2	2	2	2	2	2	2	2	2	2	2	2	2	2	2	2	2	2	2	2	2	2	2	2	2	2	2	2	2	2	2	2	2	2	2	2	2	2	2	2	2	2	2	2	2	2	2	2	2	2	2	2	2	2	2	2	2	2	2	2	2	2	2	2	2	2	2	2	2	2	2	2	2	2	2	2	2	2	2	2	2	2	2	2	2	2	2	2	2	2	2	2	2	2	2	2	2	2	2	2	2	2	2	2	2	2	2	2	2	2	2	2	2	2	2	2	2	2	2	2	2	2	2	2	2	2	2	2	2	2	2	2	2	2	2	2	2	2	2	2	2	2	2	2	2	2	2	2	2	2	2	2	2	2	2	2	2	2	2	2	2	2	2	2	2	2	2	2	2	2	2	2	2	2	2	2	2	2	2	2	2	2	2	2	2	2	2	2	2	2	2	2	2	2	2	2	2	2	2	2	2	2	2	2	2	2	2	2	2	2	2	2	2	2	2	2	2	2	2	2	2	2	2	2	2	2	2	2	2	2	2	2	2	2	2	2	2	2	2	2	2	2	2	2	2	2	2	2	2	2	2	2	2	2	2	2	2	2	2	2	2	2	2	2	2	2	2	2	2	2	2	2	2	2	2	2	2	2	2	2	2	2	2	2	2	2	2	2	2	2	2	2	2	2	2	2	2	2	2	2	2	2	2	2	2	2	2	2	2	2	3	3	3	3	3	3	3	3	3	3	3	3	3	3	3	3	3	3	3	3	3	3	3	3	3	3	3	3	3	3	3	3	3	3	3	3	3	3	3	3	3	3	3	3	3	3	3	3	3	3	3	3	3	3	3	3	3	3	3	3	3	3	3	3	3	3	3	3	3	3	3	3	3	3	3	3	3	3	3	3	3	3	3	3	3	3	3	3	3	3	3	3	3	3	3	3	3	3	3	3	3	3	3	3	3	3	3	3	3	3	3	3	3	3	3	3	3	3	3	3	3	3	3	3	3	3	3	3	3	3	3	3	3	3	3	3	3	3	3	3	3	3	3	3	3	3	3	3	3	3	3	3	3	3	3	3	3	3	3	3	3	3	3	3	3	3	3	3	3	3	3	3	3	3	3	3	3	3	3	3	3	4	4	4	4	4	4	4	4	4	4	4	4	4	4	4	4	4	4	4	4	4	4	4	4	4	4	4	4	4	4	4	4	4	4	4	4	4	4	4	4	4	4	4	4	4	4	4	4	4	4	4	4	4	4	4	4	4	4	4	4	4	4	4	4	4	4	4	4	4	4	4	4	5	5	5	5	5	5	5	5	5	5	5	5	5	5	5	5	5	5	5	5	5	5	5	5	5	5	5	5	5	5	5	5	5	5	5	5	5	5	5	5	5	5	5	6	6	6	6	6	6	6	6	6	6	6	6	6	6	6	6	6	6	6	6	7	7	7	7	7	7	7	7	7	7	7	7	7	7	7	7	7	8	8	8	8	8	8	8	8	8	9	9	10	10	10	11	12	13	13	13	14	14	15	15	16	18	18	18	20	22	40	40	40	53
LIST OF HOMONYMS: 1	3	2	5	1	1	1	1	2	3	2	1	2	12	3	1	1	2	4	1	4	1	2	2	4	3	10	2	1	2	2	2	1	3	6	4	3	3	1	1	2	3	4	1	2	5	1	3	3	2	2	2	2	1	2	2	2	2	2	2	4	3	3	2	1	3	3	3	2	2	2	1	1	2	2	2	1	1	3	1	2	5	1	3	2	2	2	2	2	2	1	1	2	2	1	4	2	4	2	1	2	1	1	3	4	2	40	2	2	3	4	1	3	2	2	1	1	2	1	5	1	1	3	1	1	2	2	1	1	2	2	3	6	1	4	2	1	3	3	3	2	2	2	2	2	2	1	1	1	1	2	3	3	2	1	2	2	1	1	2	1	2	1	1	2	5	1	5	2	7	4	2	2	2	3	3	6	1	2	2	3	1	2	7	3	1	3	1	5	3	1	4	1	5	2	2	1	3	2	2	4	1	2	2	2	2	6	3	2	3	22	2	1	1	2	1	1	2	2	2	1	4	2	1	5	2	1	1	3	2	1	1	3	6	1	2	1	4	1	3	1	1	7	3	2	2	2	1	2	2	2	1	1	1	1	1	1	2	53	1	4	1	2	4	3	2	3	4	1	1	1	2	2	1	2	2	1	2	1	2	2	4	1	4	1	3	2	1	3	1	2	3	2	1	1	1	2	2	1	1	1	1	4	3	2	1	3	1	3	2	2	3	1	2	3	1	2	4	1	2	2	1	3	1	3	5	2	4	3	2	2	1	5	2	2	2	8	2	1	2	2	3	4	1	2	2	3	2	1	1	2	3	2	1	5	1	1	2	1	1	2	2	2	2	2	1	1	2	1	2	1	2	3	1	1	1	3	1	2	1	1	2	2	2	1	2	5	3	5	2	3	1	2	1	2	1	1	1	2	6	2	2	2	3	2	1	5	15	2	1	1	1	5	1	1	1	1	1	1	3	2	2	1	2	1	3	2	4	1	2	1	2	4	1	2	1	3	1	2	1	1	2	2	2	2	1	1	3	1	2	2	15	1	1	2	2	2	2	2	3	4	3	1	1	2	2	2	3	5	2	3	2	7	2	1	2	2	3	7	1	2	2	2	1	2	1	4	1	2	2	2	1	5	2	3	40	3	1	4	3	2	2	2	1	1	2	4	7	2	2	2	2	1	1	3	1	2	1	2	1	3	1	2	1	5	2	2	1	1	1	2	1	2	3	1	6	1	5	2	1	1	2	2	1	1	1	3	1	6	2	7	2	2	2	1	2	1	3	2	2	4	2	1	2	1	1	1	1	1	1	8	1	2	1	1	3	1	3	5	3	3	1	3	7	2	1	1	2	2	1	2	1	1	8	6	1	1	7	1	1	6	14	1	2	1	6	2	1	1	2	3	5	2	2	2	1	9	13	1	3	2	1	2	3	2	1	1	1	2	1	2	2	4	3	2	1	2	3	2	1	1	3	3	4	5	1	2	2	5	2	1	2	2	1	2	2	1	4	3	1	2	3	4	1	4	1	4	1	2	9	7	2	2	1	1	1	1	1	4	2	2	1	3	1	1	3	1	2	3	8	1	5	2	1	3	1	2	1	1	1	3	1	2	1	3	1	3	2	1	2	4	2	1	2	2	2	2	1	5	2	3	2	1	2	2	13	1	2	1	2	3	2	11	1	1	2	2	2	2	3	2	1	1	3	2	2	3	3	1	1	1	2	2	2	6	1	2	3	1	3	1	1	2	1	2	8	2	2	2	1	2	2	4	1	3	1	1	3	3	3	3	2	2	3	1	1	1	2	2	5	1	1	1	2	3	2	1	1	2	2	2	2	2	1	1	3	6	4	3	2	2	5	1	1	5	6	2	2	1	2	1	2	3	1	1	7	1	4	1	1	5	10	1	5	2	2	1	2	4	4	2	2	8	1	1	1	2	4	1	16	6	2	3	5	1	1	7	2	1	2	2	1	7	2	2	1	2	2	3	2	3	2	3	2	1	3	1	2	3	1	2	3	4	2	1	3	1	1	1	1	2	20	2	6	2	2	2	2	3	1	2	40	2	3	2	2	3	2	2	1	2	2	1	2	1	3	4	4	1	1	1	2	2	1	1	3	2	2	1	2	2	2	1	1	2	1	2	3	1	2	1	2	1	2	1	3	1	4	1	2	1	2	1	1	2	2	5	2	2	1	1	2	2	4	3	2	2	1	2	2	2	1	18	2	1	2	2	2	1	2	1	2	3	3	1	4	4	1	1	1	3	1	3	2	3	1	2	2	10	1	1	2	1	1	2	2	1	1	2	3	2	1	1	3	2	2	1	1	1	2	2	1	3	1	1	2	1	4	2	2	3	3	2	3	1	3	5	2	3	5	2	2	1	2	2	2	3	2	1	2	1	4	3	2	1	2	4	2	2	1	1	5	3	1	1	1	3	2	7	1	3	3	2	1	2	2	1	2	1	1	1	6	2	1	3	2	2	2	2	2	2	1	2	1	2	2	2	2	1	3	1	7	2	2	1	1	1	1	1	2	2	1	4	2	2	1	1	1	1	1	2	1	2	2	1	1	1	1	4	5	3	1	2	3	2	3	7	2	1	2	1	4	14	1	2	2	1	2	3	2	1	1	1	2	1	2	8	1	1	2	2	4	2	18	6	8	2	2	2	2	2	4	2	2	3	1	2	3	1	1	2	1	2	5	2	1	1	3	1	2	1	1	2	1	1	1	2	1	2	1	2	1	3	2	3	3	2	4	2	2	1	1	3	2	1	1	4	1	3	2	2	1	2	4	1	1	2	1	1	2	1	2	1	1	2	1	2	1	1	3	1	18	1	3	2	2	1	2	2	2	2	2	1	5	3	2	2	3	1	1	2	2	2	2	4	3	1	1	2	3	1	1	2	2	2	2	2	5	1	7	5	1	3	2	2	2	2	2	4	2	2	1	1	2	2	2	1	3	2	2	1	2	2	1	2	1	1	2	2	1	2	4	2	2	3	2	2	2	1	1	4	1	2	4	2	1	1	2	2	1	2	2	2	1	2	3	5	6	2	2	2	3	3	6	1	3	13	4	1	3	3	1	8	4	4	2	2	5	2	1	1	1
ELAPSED TIME S: 3038.666
ELAPSED TIME M: 50.6444333333333
