HEURISTIC ELAPSED TIME: 2684.102
Parameters:
verbose => false
logfile => 
source => http://localhost:8890/sparql?default-graph-uri=http://nytimes.org
target => http://lod.openlinksw.com/sparql?default-graph-uri=http://dbpedia.org
class =>  <http://data.nytimes.com/elements/nytd_org> 
append => a
format => txt
chunk => 150
topk => 1
offset => 0
stringthreshold => 0.7
usepivot => true
blocking => true
transitionupdate => false
globalrecall => true
aligner => NoAligner
ranker => TimeBasedTransitionRanking
selector => DecisionTreeSelectionAlgorithm
searcher => Baseline
learningpercent => 0.2
transitionfailurerate => 1.0
qconly => false
name => S-agnostic
$shuffle
true
$orderbyclause

$orderby

 & S-agnostic  & 4 & 4.0   & 12.04  & 2574.47 & 22.24 & 30.99 & 25.9  \\ 
LEARNING TIME: 12.035
SEARCH TIME: 2574.473
MATCHER TIME: 109.307
TOTAL TIME: 2695.81
PAIR COMPLETENESS: 0.309923664122137
RECALL: 0.276844783715013
PRECISON: 0.728246318607764
FMEASURE: 0.40117994100295
FOUND INSTANCES: 746
NUMBER QUERIES: 7860
RATIO NUMBER QUERIES / INSTANCES: 4.0
RATIO QUERIES/POSITIVES: 0.094910941475827
RATIO QUERIES/NEGATIVES: 0.905089058524173
NUMBER HOMONYMS: 3354
RATIO HOMONYMS/INSTANCES: 4.49597855227882
INSTANCES / HOMONYMS RATIO: 0.22242098986285
SORTED LIST OF HOMONYMS: 1	1	1	1	1	1	1	1	1	1	1	1	1	1	1	1	1	1	1	1	1	1	1	1	1	1	1	1	1	1	1	1	1	1	1	1	1	1	1	1	1	1	1	1	1	1	1	1	1	1	1	1	1	1	1	1	1	1	1	1	1	1	1	1	1	1	1	1	1	1	1	1	1	1	1	1	1	1	1	1	1	1	1	1	1	1	1	1	1	1	1	1	1	1	1	1	1	1	1	1	1	1	1	1	1	1	1	1	1	1	1	1	1	1	1	1	1	1	1	1	1	1	1	1	1	1	1	1	1	1	1	1	1	1	1	1	1	1	1	1	1	1	1	1	1	1	1	1	1	1	1	1	1	1	1	1	1	1	1	1	1	1	1	1	1	1	1	1	1	1	1	1	1	1	1	1	1	1	1	1	1	1	1	1	1	1	1	1	1	1	1	1	1	1	1	1	1	1	1	1	1	1	1	1	1	1	1	1	1	1	1	1	1	1	1	1	1	1	1	1	1	1	1	1	1	1	1	1	1	1	1	1	1	1	1	1	1	1	1	1	1	1	1	1	1	1	1	1	1	1	1	1	1	1	1	1	1	1	1	1	1	1	1	1	1	1	1	1	1	1	1	1	1	1	1	1	1	1	1	1	1	1	1	1	1	1	1	1	1	1	1	1	1	1	1	1	1	1	1	1	1	1	1	1	1	1	1	1	1	1	1	1	1	1	1	1	1	1	1	2	2	2	2	2	2	2	2	2	2	2	2	2	2	2	2	2	2	2	2	2	2	2	2	2	2	2	2	2	2	2	2	2	2	2	2	2	2	2	2	2	2	2	2	2	2	2	2	2	2	2	2	2	2	2	2	2	2	2	2	2	2	2	2	2	2	2	2	2	2	2	2	2	2	2	2	2	2	2	2	2	2	2	2	2	2	2	2	2	2	2	2	2	2	2	2	2	2	2	2	2	2	2	2	2	2	2	2	2	2	2	2	2	2	2	2	2	2	2	2	2	2	2	2	2	2	2	2	2	2	2	2	2	2	2	2	2	2	2	2	2	2	2	2	2	2	3	3	3	3	3	3	3	3	3	3	3	3	3	3	3	3	3	3	3	3	3	3	3	3	3	3	3	3	3	3	3	3	3	3	3	3	3	3	3	3	3	3	3	3	3	3	3	3	3	3	3	3	3	3	3	3	3	3	3	3	3	3	3	3	3	3	4	4	4	4	4	4	4	4	4	4	4	4	4	4	4	4	4	4	4	4	4	4	4	4	4	4	4	4	4	4	4	4	4	4	5	5	5	5	5	5	5	5	5	5	5	5	5	5	5	5	5	5	5	5	5	5	5	5	5	6	6	6	6	6	6	6	6	6	6	6	6	6	6	6	6	7	7	7	7	7	7	7	7	7	7	7	8	8	8	8	8	8	8	8	8	8	9	9	9	9	9	9	9	9	9	9	9	9	9	9	9	9	9	10	10	10	10	10	10	10	10	10	10	10	10	11	11	11	11	11	11	11	11	12	12	12	12	12	12	12	12	13	13	13	13	13	13	14	14	14	14	14	15	15	15	15	16	16	16	16	16	17	17	17	18	18	18	18	18	18	19	19	19	20	20	20	20	21	21	21	21	22	22	22	23	23	24	24	25	25	25	26	26	26	27	27	27	27	27	27	27	27	28	28	28	28	29	29	29	29	29	30	30	30	30
LIST OF HOMONYMS: 29	1	1	1	4	1	29	4	1	3	3	9	1	1	1	1	1	3	5	2	1	5	12	27	1	2	1	1	1	2	9	30	12	1	4	2	1	2	1	1	1	1	2	1	1	8	27	2	1	2	1	2	2	1	3	18	6	16	5	3	11	1	23	1	3	2	2	1	14	3	1	1	2	1	1	3	2	3	10	25	1	1	1	2	24	2	1	1	10	1	9	9	4	1	1	5	1	1	1	2	6	2	29	2	18	1	1	1	10	4	3	1	2	1	3	27	1	30	1	2	1	1	3	9	27	2	1	1	3	9	8	1	26	13	1	1	20	1	5	1	2	6	1	1	1	1	16	22	1	5	1	2	12	2	6	3	1	17	16	3	2	1	25	2	1	1	1	2	4	2	1	3	1	1	3	3	7	1	2	1	1	1	2	1	5	5	1	2	9	3	1	1	2	4	1	1	9	1	1	4	1	5	1	2	2	4	1	1	7	2	3	1	3	1	15	1	1	1	10	1	1	15	5	1	2	1	28	1	1	1	21	3	1	14	1	1	1	1	2	29	1	1	2	4	3	2	1	3	5	2	3	2	1	2	2	1	2	2	3	1	1	1	1	1	2	21	9	7	8	7	9	2	2	2	1	9	3	1	4	3	9	1	2	25	9	1	1	1	1	2	2	1	10	4	17	1	6	3	1	2	1	1	1	1	17	2	1	3	1	1	1	1	3	7	1	1	18	1	1	1	1	10	4	1	4	13	2	18	1	1	4	14	2	2	18	1	2	3	2	2	1	1	3	4	8	2	4	4	3	1	1	1	10	5	1	7	1	28	27	1	1	2	2	1	1	1	1	4	22	1	1	1	7	1	3	2	1	3	1	2	1	2	1	9	1	1	3	3	5	2	4	4	11	1	2	2	1	12	1	1	1	12	5	11	1	10	3	1	1	2	1	1	2	1	1	13	4	1	19	1	11	1	13	1	13	1	3	1	1	2	1	1	2	1	2	2	2	13	5	27	2	22	2	1	3	4	2	15	1	3	1	2	2	2	10	1	1	1	1	2	2	1	3	2	1	2	2	1	2	1	1	2	2	7	1	1	2	1	1	2	30	1	15	1	1	4	1	9	1	1	1	1	2	4	3	2	1	3	1	6	2	5	2	2	20	3	5	1	2	2	12	6	2	1	3	1	7	1	6	1	1	2	1	5	4	1	1	20	1	2	1	8	1	1	6	2	1	4	21	1	2	6	3	27	5	1	12	1	9	5	1	2	1	1	1	1	2	4	1	2	7	1	1	2	8	20	1	1	1	1	1	2	2	2	2	2	5	1	1	14	6	1	1	3	6	5	3	3	1	2	1	1	6	1	18	2	28	1	3	10	1	11	1	1	1	2	1	14	9	3	1	1	1	1	1	1	1	4	2	3	4	1	2	30	1	2	1	26	2	2	8	2	2	1	1	3	19	1	1	1	27	3	2	2	1	1	1	2	3	1	2	1	1	1	3	1	1	2	2	1	2	1	2	1	3	1	2	1	3	3	19	1	1	1	1	24	1	2	2	1	1	1	1	6	2	3	1	1	16	2	4	5	1	1	21	1	28	26	4	10	7	1	1	2	1	2	2	3	23	1	10	1	8	5	2	1	2	16	1	1	1	4	1	1	8	2	3	2	8	2	12	11	5	1	6	4	11	6	2	3	29	1	1	11	3	1
ELAPSED TIME S: 2872.159
ELAPSED TIME M: 47.8693166666667
