HEURISTIC ELAPSED TIME: 3553.341
Parameters:
verbose => false
logfile => 
source => http://localhost:8890/sparql?default-graph-uri=http://nytimes.org
target => http://localhost:8894/sparql?default-graph-uri=http://dbpedia.org
class =>  <http://data.nytimes.com/elements/nytd_org> 
append => a
format => txt
chunk => 150
topk => 1
offset => 0
stringthreshold => 0.7
usepivot => true
blocking => true
transitionupdate => false
globalrecall => true
aligner => HierarchicalClusterAligner
ranker => TimeBasedTransitionRanking
selector => DecisionTreeSelectionAlgorithm
searcher => Baseline
learningpercent => 0.2
transitionfailurerate => 1.0
qconly => false
sparqllimit => 100
name => S-based
$shuffle
true
$orderbyclause

$orderby

 & S-based  & 3 & 3.0   & 144.11  & 3407.03 & 39.98 & 66.06 & 49.81  \\ 
LEARNING TIME: 144.106
SEARCH TIME: 3407.03
MATCHER TIME: 145.729
TOTAL TIME: 3696.87
PAIR COMPLETENESS: 0.660559796437659
RECALL: 0.615776081424936
PRECISON: 0.823689584751532
FMEASURE: 0.704717530576587
FOUND INSTANCES: 1468
NUMBER QUERIES: 5895
RATIO NUMBER QUERIES / INSTANCES: 3.0
RATIO QUERIES/POSITIVES: 0.502798982188295
RATIO QUERIES/NEGATIVES: 0.497201017811705
NUMBER HOMONYMS: 3672
RATIO HOMONYMS/INSTANCES: 2.50136239782016
INSTANCES / HOMONYMS RATIO: 0.399782135076253
SORTED LIST OF HOMONYMS: 1	1	1	1	1	1	1	1	1	1	1	1	1	1	1	1	1	1	1	1	1	1	1	1	1	1	1	1	1	1	1	1	1	1	1	1	1	1	1	1	1	1	1	1	1	1	1	1	1	1	1	1	1	1	1	1	1	1	1	1	1	1	1	1	1	1	1	1	1	1	1	1	1	1	1	1	1	1	1	1	1	1	1	1	1	1	1	1	1	1	1	1	1	1	1	1	1	1	1	1	1	1	1	1	1	1	1	1	1	1	1	1	1	1	1	1	1	1	1	1	1	1	1	1	1	1	1	1	1	1	1	1	1	1	1	1	1	1	1	1	1	1	1	1	1	1	1	1	1	1	1	1	1	1	1	1	1	1	1	1	1	1	1	1	1	1	1	1	1	1	1	1	1	1	1	1	1	1	1	1	1	1	1	1	1	1	1	1	1	1	1	1	1	1	1	1	1	1	1	1	1	1	1	1	1	1	1	1	1	1	1	1	1	1	1	1	1	1	1	1	1	1	1	1	1	1	1	1	1	1	1	1	1	1	1	1	1	1	1	1	1	1	1	1	1	1	1	1	1	1	1	1	1	1	1	1	1	1	1	1	1	1	1	1	1	1	1	1	1	1	1	1	1	1	1	1	1	1	1	1	1	1	1	1	1	1	1	1	1	1	1	1	1	1	1	1	1	1	1	1	1	1	1	1	1	1	1	1	1	1	1	1	1	1	1	1	1	1	1	1	1	1	1	1	1	1	1	1	1	1	1	1	1	1	1	1	1	1	1	1	1	1	1	1	1	1	1	1	1	1	1	1	1	1	1	1	1	1	1	1	1	1	1	1	1	1	1	1	1	1	1	1	1	1	1	1	1	1	1	1	1	1	1	1	1	1	1	1	1	1	1	1	1	1	1	1	1	1	1	1	1	1	1	1	1	1	1	1	1	1	1	1	1	1	1	1	1	1	1	1	1	1	1	1	1	1	1	1	1	1	1	1	1	1	1	1	1	1	1	1	1	1	1	1	1	1	1	1	1	1	1	1	1	1	1	1	1	1	1	1	1	1	1	1	1	1	1	1	1	1	1	1	1	1	1	1	1	1	1	1	1	1	1	1	1	1	1	1	1	1	1	1	1	1	1	1	1	1	1	1	1	1	1	1	1	1	1	1	2	2	2	2	2	2	2	2	2	2	2	2	2	2	2	2	2	2	2	2	2	2	2	2	2	2	2	2	2	2	2	2	2	2	2	2	2	2	2	2	2	2	2	2	2	2	2	2	2	2	2	2	2	2	2	2	2	2	2	2	2	2	2	2	2	2	2	2	2	2	2	2	2	2	2	2	2	2	2	2	2	2	2	2	2	2	2	2	2	2	2	2	2	2	2	2	2	2	2	2	2	2	2	2	2	2	2	2	2	2	2	2	2	2	2	2	2	2	2	2	2	2	2	2	2	2	2	2	2	2	2	2	2	2	2	2	2	2	2	2	2	2	2	2	2	2	2	2	2	2	2	2	2	2	2	2	2	2	2	2	2	2	2	2	2	2	2	2	2	2	2	2	2	2	2	2	2	2	2	2	2	2	2	2	2	2	2	2	2	2	2	2	2	2	2	2	2	2	2	2	2	2	2	2	2	2	2	2	2	2	2	2	2	2	2	2	2	2	2	2	2	2	2	2	2	2	2	2	2	2	2	2	2	2	2	2	2	2	2	2	2	2	2	2	2	2	2	2	2	2	2	2	2	2	2	2	2	2	2	2	2	2	2	2	2	2	2	2	2	2	2	2	2	2	2	2	2	2	2	2	2	2	2	2	2	2	2	2	2	2	2	2	2	2	2	2	2	2	2	2	2	2	2	2	2	2	2	2	2	2	2	2	2	2	2	2	2	2	2	2	2	2	2	2	2	2	2	2	2	2	2	2	2	2	2	2	2	2	2	2	2	2	2	2	2	2	2	2	2	2	2	2	2	2	2	2	2	2	2	2	2	2	2	2	2	2	2	2	2	2	2	2	2	2	2	2	2	2	2	2	2	2	2	2	2	2	2	2	2	2	2	2	2	2	2	2	2	2	2	2	2	2	2	2	2	2	2	2	2	2	2	2	2	2	2	2	2	2	2	2	2	2	2	2	2	2	2	2	2	2	2	2	2	2	2	2	2	2	2	2	2	2	2	2	2	2	2	2	2	2	2	2	2	2	2	2	2	2	2	2	2	2	2	2	2	2	2	2	2	2	2	2	2	2	2	2	2	2	2	2	2	2	2	2	2	2	2	2	2	2	2	2	2	2	2	2	2	2	2	2	2	2	2	2	2	2	2	2	2	2	2	2	2	2	2	2	2	2	2	2	2	2	2	2	2	2	2	2	2	2	2	2	2	2	2	2	2	2	2	2	2	2	2	2	2	2	2	3	3	3	3	3	3	3	3	3	3	3	3	3	3	3	3	3	3	3	3	3	3	3	3	3	3	3	3	3	3	3	3	3	3	3	3	3	3	3	3	3	3	3	3	3	3	3	3	3	3	3	3	3	3	3	3	3	3	3	3	3	3	3	3	3	3	3	3	3	3	3	3	3	3	3	3	3	3	3	3	3	3	3	3	3	3	3	3	3	3	3	3	3	3	3	3	3	3	3	3	3	3	3	3	3	3	3	3	3	3	3	3	3	3	3	3	3	3	3	3	3	3	3	3	3	3	3	3	3	3	3	3	3	3	3	3	3	3	3	3	3	3	3	3	3	3	3	3	3	3	3	3	3	3	3	3	3	3	3	3	3	3	3	3	3	3	3	3	3	3	3	3	3	3	3	3	3	3	3	3	3	3	3	3	3	3	3	3	3	3	3	3	3	3	3	3	3	3	3	3	3	3	4	4	4	4	4	4	4	4	4	4	4	4	4	4	4	4	4	4	4	4	4	4	4	4	4	4	4	4	4	4	4	4	4	4	4	4	4	4	4	4	4	4	4	4	4	4	4	4	4	4	4	4	4	4	4	4	4	4	4	4	4	4	4	4	4	4	4	4	4	4	4	4	4	4	4	4	4	4	4	4	4	4	4	4	4	4	4	4	4	4	4	4	5	5	5	5	5	5	5	5	5	5	5	5	5	5	5	5	5	5	5	5	5	5	5	5	5	5	5	5	5	5	5	5	5	5	5	5	5	5	5	5	5	5	5	6	6	6	6	6	6	6	6	6	6	6	6	6	6	6	6	6	6	6	6	6	6	6	7	7	7	7	7	7	7	7	7	7	7	7	7	7	7	7	7	7	7	8	8	8	8	8	8	8	8	8	9	9	9	9	10	10	11	12	12	14	14	15	15	16	16	18	18	18	20	22	37	40	40	41	103
LIST OF HOMONYMS: 1	3	2	5	1	1	1	1	2	3	2	1	2	12	3	1	1	2	4	1	4	1	1	2	2	4	3	10	2	1	2	2	2	1	1	3	3	6	4	4	3	1	1	2	3	4	1	2	5	1	3	4	2	2	2	2	2	1	2	2	2	2	2	2	4	3	3	2	1	3	3	4	2	2	2	1	1	2	2	2	1	1	3	1	1	5	1	3	4	3	2	2	3	3	1	1	3	2	1	4	3	5	2	4	4	1	1	3	4	4	41	2	2	3	4	1	1	3	2	2	1	1	2	1	5	1	1	1	3	1	2	4	2	1	1	2	1	2	5	6	1	5	2	1	3	3	3	2	2	1	2	1	2	2	2	3	1	1	1	2	4	2	2	1	2	2	2	1	2	1	1	2	1	2	1	1	2	5	1	1	5	2	7	4	2	2	2	3	3	6	1	2	2	3	1	2	7	3	1	5	1	5	3	1	4	1	6	2	2	1	3	7	2	4	1	2	2	4	2	6	1	3	2	3	22	2	1	1	2	1	1	2	2	2	1	4	2	1	4	2	1	2	3	2	1	1	3	6	2	2	1	4	3	3	8	1	7	1	3	2	2	1	1	2	2	2	1	1	1	1	1	1	1	1	2	103	1	3	2	2	4	3	2	4	4	1	1	1	1	2	2	2	2	3	1	2	2	2	2	4	1	4	1	2	2	1	3	1	2	3	2	1	1	1	2	2	1	1	1	1	4	3	3	1	4	1	3	2	2	3	1	3	3	1	2	4	2	1	2	2	1	1	3	1	3	5	2	4	3	2	2	1	1	5	2	2	1	2	12	2	1	3	2	2	4	1	2	2	3	2	2	1	1	4	3	2	1	5	1	3	2	1	1	2	2	2	2	2	1	1	2	1	2	1	2	3	1	1	1	2	1	2	1	1	2	2	2	2	1	2	2	5	3	5	2	3	1	3	1	2	1	1	1	2	6	2	2	2	3	2	1	5	37	1	2	1	1	1	5	1	1	2	1	1	1	2	3	2	2	1	2	1	2	2	4	1	2	1	2	3	2	2	1	3	1	2	1	3	2	2	2	2	1	1	3	1	1	2	1	2	15	1	1	3	3	2	2	2	3	4	2	3	2	1	1	1	2	2	3	3	5	2	3	2	7	2	1	2	2	3	7	1	2	2	2	2	2	2	4	1	2	6	1	2	1	5	2	3	40	3	1	4	3	2	2	2	2	1	1	2	5	7	3	2	2	2	1	1	3	1	2	1	2	1	3	1	2	1	5	2	1	1	1	1	2	2	1	2	3	1	1	1	4	3	1	1	5	2	1	2	2	2	1	1	2	3	1	6	2	7	2	2	2	1	2	1	1	3	2	2	4	2	1	2	1	1	1	2	1	1	6	1	2	1	1	4	1	3	5	3	3	1	3	7	2	1	1	2	2	1	2	1	1	2	8	6	1	1	7	1	1	7	15	1	2	1	5	2	1	1	2	3	9	2	1	2	2	1	9	1	2	1	4	2	2	1	1	3	3	1	2	2	1	1	2	1	2	1	2	1	4	3	2	1	2	4	1	2	2	2	3	3	1	3	5	1	2	2	5	2	1	2	2	1	2	3	1	4	3	2	2	3	4	1	4	1	4	2	2	9	7	2	2	1	1	1	1	1	4	2	2	1	1	3	1	1	3	1	2	2	3	1	5	2	1	3	1	2	1	1	1	2	1	2	1	4	1	1	3	2	1	2	2	4	2	1	2	2	2	3	1	6	1	2	3	2	1	2	4	14	1	2	1	2	4	2	9	2	1	1	2	2	1	2	2	2	3	2	1	2	3	2	2	3	3	1	2	1	2	2	2	6	2	2	3	1	3	1	1	1	2	1	1	1	2	1	8	2	2	2	1	3	2	4	1	3	1	1	3	3	3	3	1	2	3	3	1	1	1	2	1	2	1	6	1	1	1	3	1	3	1	2	1	1	2	2	2	2	2	2	1	3	6	4	3	2	2	2	5	1	1	6	6	1	2	1	2	1	2	3	2	1	2	3	1	1	2	7	1	4	1	1	5	10	1	5	2	2	1	2	7	4	2	3	8	2	2	1	1	4	1	16	6	2	3	5	1	1	7	1	2	1	1	2	1	16	2	2	1	2	2	3	2	3	2	3	2	1	3	2	1	2	3	1	2	3	4	1	1	2	1	3	1	1	1	1	1	2	20	2	6	2	2	2	2	3	1	3	40	2	3	2	2	3	2	1	2	1	2	2	2	4	1	4	4	4	1	2	1	1	2	2	1	1	1	3	2	2	1	2	2	3	1	1	2	1	3	3	1	2	1	2	1	2	1	3	1	4	1	2	1	2	1	1	2	2	5	2	1	2	1	1	2	2	4	4	2	2	2	2	2	2	2	1	1	18	2	1	3	2	2	1	2	2	3	2	3	3	1	4	4	1	1	1	1	3	1	3	1	2	3	1	2	2	11	1	1	2	1	2	1	2	2	1	1	4	3	2	1	1	3	2	2	1	1	1	2	2	1	3	1	1	3	2	1	4	2	2	3	3	2	3	1	3	5	2	2	5	2	2	1	2	2	3	3	1	2	1	2	1	4	3	2	1	2	4	2	2	2	1	1	6	3	1	2	1	3	2	7	1	3	3	2	1	2	2	1	1	1	1	1	1	1	8	2	1	3	2	2	2	2	2	2	1	2	1	2	2	2	2	1	3	1	7	1	2	2	2	1	1	1	1	1	2	2	1	4	2	2	1	1	1	1	1	1	2	1	2	2	1	1	1	2	2	4	5	3	1	2	3	2	3	7	2	1	2	1	4	14	1	2	5	1	2	1	2	2	1	1	2	1	1	2	8	1	1	2	2	4	2	18	6	8	2	2	2	2	2	4	2	3	3	2	2	3	1	1	2	4	3	5	3	1	1	3	1	2	1	1	2	1	1	1	2	2	2	1	2	2	3	2	3	3	2	4	2	2	1	1	3	2	1	1	4	1	2	3	2	2	1	3	4	2	1	1	1	2	2	1	2	1	1	2	1	2	2	1	1	1	1	18	1	2	2	2	1	2	2	2	2	2	1	5	3	2	2	3	1	1	1	2	2	2	1	2	4	3	1	1	1	2	4	1	1	2	2	2	2	3	4	1	7	5	1	3	2	2	2	2	2	1	6	2	2	2	1	2	2	2	2	1	3	2	5	1	2	2	1	2	1	1	2	2	2	2	4	2	3	3	2	2	2	1	1	4	1	2	4	2	3	1	2	2	1	2	2	2	1	2	3	5	4	2	2	2	3	3	8	1	3	3	3	3	3	4	1	8	6	4	2	2	5	2	1	1	1	1	1
ELAPSED TIME S: 3765.545
ELAPSED TIME M: 62.7590833333333
