HEURISTIC ELAPSED TIME: 19196.597
Parameters:
verbose => false
logfile => 
source => http://localhost:8890/sparql?default-graph-uri=http://nytimes.org
target => http://lod.openlinksw.com/sparql?default-graph-uri=http://dbpedia.org
class =>  <http://data.nytimes.com/elements/nytd_org> 
append => a
format => txt
chunk => 150
topk => 1
offset => 0
stringthreshold => 0.7
usepivot => true
blocking => true
transitionupdate => false
globalrecall => true
aligner => HierarchicalClusterAligner
ranker => TimeBasedTransitionRanking
selector => DecisionTreeSelectionAlgorithm
searcher => Baseline
learningpercent => 0.2
transitionfailurerate => 1.0
qconly => false
name => S-based
$shuffle
true
$orderbyclause

$orderby

 & S-based  & 3 & 3.0   & 75.97  & 19116.77 & 44.84 & 50.08 & 47.31  \\ 
LEARNING TIME: 75.968
SEARCH TIME: 19116.772
MATCHER TIME: 79.36
TOTAL TIME: 19272.1
PAIR COMPLETENESS: 0.500763358778626
RECALL: 0.479898218829517
PRECISON: 0.809442060085837
FMEASURE: 0.602555910543131
FOUND INSTANCES: 1165
NUMBER QUERIES: 5895
RATIO NUMBER QUERIES / INSTANCES: 3.0
RATIO QUERIES/POSITIVES: 0.376929601357082
RATIO QUERIES/NEGATIVES: 0.623070398642918
NUMBER HOMONYMS: 2598
RATIO HOMONYMS/INSTANCES: 2.23004291845494
INSTANCES / HOMONYMS RATIO: 0.448421862971517
SORTED LIST OF HOMONYMS: 1	1	1	1	1	1	1	1	1	1	1	1	1	1	1	1	1	1	1	1	1	1	1	1	1	1	1	1	1	1	1	1	1	1	1	1	1	1	1	1	1	1	1	1	1	1	1	1	1	1	1	1	1	1	1	1	1	1	1	1	1	1	1	1	1	1	1	1	1	1	1	1	1	1	1	1	1	1	1	1	1	1	1	1	1	1	1	1	1	1	1	1	1	1	1	1	1	1	1	1	1	1	1	1	1	1	1	1	1	1	1	1	1	1	1	1	1	1	1	1	1	1	1	1	1	1	1	1	1	1	1	1	1	1	1	1	1	1	1	1	1	1	1	1	1	1	1	1	1	1	1	1	1	1	1	1	1	1	1	1	1	1	1	1	1	1	1	1	1	1	1	1	1	1	1	1	1	1	1	1	1	1	1	1	1	1	1	1	1	1	1	1	1	1	1	1	1	1	1	1	1	1	1	1	1	1	1	1	1	1	1	1	1	1	1	1	1	1	1	1	1	1	1	1	1	1	1	1	1	1	1	1	1	1	1	1	1	1	1	1	1	1	1	1	1	1	1	1	1	1	1	1	1	1	1	1	1	1	1	1	1	1	1	1	1	1	1	1	1	1	1	1	1	1	1	1	1	1	1	1	1	1	1	1	1	1	1	1	1	1	1	1	1	1	1	1	1	1	1	1	1	1	1	1	1	1	1	1	1	1	1	1	1	1	1	1	1	1	1	1	1	1	1	1	1	1	1	1	1	1	1	1	1	1	1	1	1	1	1	1	1	1	1	1	1	1	1	1	1	1	1	1	1	1	1	1	1	1	1	1	1	1	1	1	1	1	1	1	1	1	1	1	1	1	1	1	1	1	1	1	1	1	1	1	1	1	1	1	1	1	1	1	1	1	1	1	1	1	1	1	1	1	1	1	1	1	1	1	1	1	1	1	1	1	1	1	1	1	1	1	1	1	1	1	1	1	1	1	1	1	1	2	2	2	2	2	2	2	2	2	2	2	2	2	2	2	2	2	2	2	2	2	2	2	2	2	2	2	2	2	2	2	2	2	2	2	2	2	2	2	2	2	2	2	2	2	2	2	2	2	2	2	2	2	2	2	2	2	2	2	2	2	2	2	2	2	2	2	2	2	2	2	2	2	2	2	2	2	2	2	2	2	2	2	2	2	2	2	2	2	2	2	2	2	2	2	2	2	2	2	2	2	2	2	2	2	2	2	2	2	2	2	2	2	2	2	2	2	2	2	2	2	2	2	2	2	2	2	2	2	2	2	2	2	2	2	2	2	2	2	2	2	2	2	2	2	2	2	2	2	2	2	2	2	2	2	2	2	2	2	2	2	2	2	2	2	2	2	2	2	2	2	2	2	2	2	2	2	2	2	2	2	2	2	2	2	2	2	2	2	2	2	2	2	2	2	2	2	2	2	2	2	2	2	2	2	2	2	2	2	2	2	2	2	2	2	2	2	2	2	2	2	2	2	2	2	2	2	2	2	2	2	2	2	2	2	2	2	2	2	2	2	2	2	2	2	2	2	2	2	2	2	2	2	2	2	2	2	2	2	2	2	2	2	2	2	2	2	2	2	2	2	2	2	2	2	2	2	2	2	2	2	2	2	2	2	2	2	2	2	2	2	2	2	2	2	2	2	2	2	2	2	2	2	2	2	2	2	2	2	2	2	2	2	2	2	2	2	2	2	2	2	2	2	2	2	2	2	2	2	2	2	2	2	2	2	2	2	2	2	2	2	2	2	2	2	2	2	2	2	2	2	2	2	2	2	2	2	2	2	2	2	2	2	2	2	2	2	2	2	2	2	2	2	2	2	2	2	2	2	2	2	2	2	2	2	2	2	2	2	2	2	2	2	2	2	2	2	2	2	2	2	2	2	2	2	2	2	2	2	2	2	2	2	2	2	2	2	2	2	2	2	2	2	2	2	2	2	2	2	2	2	2	2	2	2	2	2	2	2	2	2	2	2	3	3	3	3	3	3	3	3	3	3	3	3	3	3	3	3	3	3	3	3	3	3	3	3	3	3	3	3	3	3	3	3	3	3	3	3	3	3	3	3	3	3	3	3	3	3	3	3	3	3	3	3	3	3	3	3	3	3	3	3	3	3	3	3	3	3	3	3	3	3	3	3	3	3	3	3	3	3	3	3	3	3	3	3	3	3	3	3	3	3	3	3	3	3	3	3	3	3	3	3	3	3	3	3	3	3	3	3	3	3	3	3	3	3	3	3	3	3	3	3	3	3	3	3	3	3	3	3	3	3	3	3	3	3	3	3	3	3	3	3	3	3	3	3	3	3	3	3	3	3	3	3	3	4	4	4	4	4	4	4	4	4	4	4	4	4	4	4	4	4	4	4	4	4	4	4	4	4	4	4	4	4	4	4	4	4	4	4	4	4	4	4	4	4	4	4	4	4	4	4	4	4	4	4	4	4	4	4	4	4	4	4	4	4	4	4	4	4	5	5	5	5	5	5	5	5	5	5	5	5	5	5	5	5	5	5	5	5	5	5	5	5	5	6	6	6	6	6	6	6	6	6	6	6	6	6	6	7	7	7	7	7	7	7	7	7	7	7	8	8	8	8	9	9	10	10	10	10	11	11	11	11	11	11	12	13	16	17	18	19	25
LIST OF HOMONYMS: 1	3	2	1	1	1	1	3	1	1	11	2	2	1	2	3	1	3	2	2	2	11	3	2	2	2	2	1	3	4	4	1	3	1	1	3	2	4	1	3	2	2	2	1	2	2	2	1	1	4	1	3	2	4	2	2	1	2	1	1	1	2	1	1	3	2	1	1	1	3	2	1	2	2	2	3	1	2	2	1	3	4	2	6	3	1	1	1	3	3	1	2	2	4	1	1	3	2	2	1	2	1	3	5	2	1	3	1	2	3	2	1	1	2	2	2	2	5	1	2	2	3	1	4	1	2	1	2	3	2	1	2	2	4	2	2	2	1	1	1	1	2	2	1	4	4	3	7	4	3	2	4	4	1	2	1	1	2	4	2	1	2	4	1	3	2	2	2	3	3	2	4	1	2	1	2	6	1	2	2	5	1	1	2	1	2	2	2	1	4	2	8	2	1	1	2	2	3	7	1	2	1	3	3	1	7	3	2	2	3	2	1	2	1	1	1	1	3	1	1	2	5	2	3	1	3	1	1	1	7	2	1	2	2	3	2	1	1	2	1	2	1	4	2	1	3	1	4	2	1	2	2	2	1	1	3	2	1	1	1	2	2	3	1	2	4	1	2	4	1	1	1	3	1	3	2	4	2	1	3	2	1	1	5	1	1	2	1	2	3	3	1	2	2	2	1	2	2	2	2	1	4	1	1	2	1	2	1	2	1	2	2	1	1	3	1	1	1	2	1	2	3	2	2	2	1	2	1	3	3	5	2	3	1	2	1	3	1	2	3	2	2	2	1	1	4	1	1	1	2	2	3	1	3	2	2	1	2	4	1	4	2	6	5	1	2	1	8	1	1	2	2	2	1	1	1	1	2	2	11	1	4	2	2	1	2	2	2	3	4	1	3	1	2	2	2	1	4	3	2	1	2	1	2	1	2	1	2	3	2	3	1	2	2	2	2	5	2	3	25	2	1	1	4	2	2	6	1	1	4	4	7	1	2	1	3	1	1	2	1	1	5	1	1	1	1	1	1	1	2	3	1	1	6	1	2	4	1	1	2	3	2	1	1	1	4	1	2	2	2	1	1	2	1	3	2	2	4	1	2	1	1	1	2	17	1	1	1	1	3	2	3	1	2	2	3	1	1	2	1	1	3	2	1	16	7	1	2	7	1	2	4	11	1	2	1	19	2	1	1	2	3	5	2	2	4	13	2	2	3	3	1	1	1	2	2	2	3	3	2	1	2	3	3	2	1	3	4	8	1	2	2	4	2	2	1	3	2	1	2	3	1	2	3	4	1	3	1	2	2	9	1	6	1	1	2	2	2	1	1	1	1	4	3	10	1	3	2	2	1	2	2	1	1	2	1	1	3	1	2	1	1	2	3	2	2	2	1	5	1	2	1	1	2	2	10	1	2	1	1	3	2	10	1	2	1	2	2	2	2	1	2	1	2	2	3	1	1	1	1	2	2	7	1	1	4	1	1	6	2	2	1	4	1	2	3	2	1	1	3	2	4	5	3	2	2	1	1	9	4	1	1	1	3	1	1	2	2	1	2	1	1	1	2	5	3	3	2	2	1	5	1	5	1	2	2	1	1	1	1	3	2	2	3	11	3	2	2	2	2	1	1	1	1	1	1	1	3	2	3	2	2	4	3	1	2	1	1	2	2	2	1	2	2	2	3	2	1	2	3	3	1	1	2	1	2	3	4	1	3	2	2	1	1	2	3	2	5	1	2	2	2	1	1	3	1	2	2	1	3	4	2	2	1	2	1	3	3	4	2	1	1	3	3	1	2	2	2	2	2	7	2	3	1	2	2	2	1	3	1	3	2	2	1	1	1	2	2	3	1	6	1	2	1	1	1	2	2	1	3	2	2	1	3	11	2	1	1	2	1	2	1	1	2	3	2	1	2	1	1	1	1	1	3	3	3	1	2	3	10	2	1	2	1	2	1	1	3	1	2	1	1	1	2	2	2	1	1	2	2	3	4	1	1	2	1	1	1	3	5	1	1	1	1	3	5	1	1	6	2	2	3	2	2	1	2	3	2	1	1	4	3	2	2	2	2	1	1	1	6	2	1	2	4	6	5	2	2	3	1	1	2	2	2	1	1	2	1	3	2	1	2	2	2	3	1	1	5	2	2	1	1	1	1	2	1	1	1	2	2	2	4	2	2	1	1	1	2	1	2	2	2	1	3	2	1	3	3	2	3	2	2	1	1	2	2	6	2	2	3	12	2	1	1	1	2	7	1	1	2	2	5	2	6	8	2	2	1	3	2	2	4	2	1	2	1	1	3	1	1	2	2	3	2	2	1	1	1	2	1	2	1	2	1	2	1	1	2	3	4	2	5	2	2	2	2	1	2	1	2	2	1	2	4	1	2	3	1	1	4	1	2	1	1	1	1	1	1	1	2	1	3	2	2	2	2	1	2	1	2	1	1	4	2	1	2	2	1	1	3	2	1	1	2	4	2	2	7	3	1	2	2	2	2	2	4	1	5	4	2	2	2	1	2	2	2	2	1	2	2	1	1	2	2	2	1	2	2	2	1	2	2	2	3	2	2	1	1	3	1	2	4	2	2	2	3	2	2	1	2	3	2	4	2	2	1	3	4	6	1	3	18	1	2	3	3	1	5	5	2	2	2	3	2	1
ELAPSED TIME S: 19294.961
ELAPSED TIME M: 321.582683333333
