NaN
0.153846153846154
0.181818181818182
0.25
0.222222222222222
0.222222222222222
0.166666666666667
0.0
0.0833333333333334
0.416666666666667
0.230769230769231
0.111111111111111
0.333333333333333
0.111111111111111
0.2
0.461538461538462
0.0
0.285714285714286
0.384615384615385
0.0
0.3
0.111111111111111
0.5
0.25
0.25
0.272727272727273
0.25
0.3
0.0833333333333334
0.0833333333333334
0.363636363636364
0.285714285714286
0.0833333333333334
0.307692307692308
0.0
0.307692307692308
0.166666666666667
0.272727272727273
0.25
0.0
0.454545454545455
0.166666666666667
0.3
0.0
0.25
0.166666666666667
0.25
0.272727272727273
0.111111111111111
0.111111111111111
0.25
0.4
0.111111111111111
0.166666666666667
0.357142857142857
0.0
0.181818181818182
0.285714285714286
0.266666666666667
0.266666666666667
0.133333333333333
0.0833333333333334
0.133333333333333
0.0833333333333334
0.2
0.0
0.272727272727273
0.4
0.111111111111111
0.307692307692308
0.181818181818182
0.266666666666667
0.285714285714286
0.0833333333333334
0.0
0.166666666666667
0.181818181818182
0.333333333333333
0.444444444444444
0.2
0.266666666666667
0.0
0.181818181818182
0.375
0.333333333333333
0.222222222222222
0.181818181818182
0.25
0.2
0.0909090909090909
0.181818181818182
0.0
0.2
0.166666666666667
0.111111111111111
0.166666666666667
0.166666666666667
0.285714285714286
0.111111111111111
0.111111111111111
0.181818181818182
0.0
0.0
0.285714285714286
0.222222222222222
0.25
0.166666666666667
0.307692307692308
0.384615384615385
0.181818181818182
0.166666666666667
0.333333333333333
0.2
0.166666666666667
0.25
0.0
0.0666666666666666
0.0
0.2
0.222222222222222
0.142857142857143
0.0
0.0833333333333334
0.0833333333333334
0.2
0.2
0.363636363636364
0.0
0.0833333333333334
0.0666666666666666
0.166666666666667
0.111111111111111
0.384615384615385
0.4
0.0714285714285714
0.0833333333333334
0.111111111111111
0.142857142857143
0.0666666666666666
0.181818181818182
0.142857142857143
0.111111111111111
0.2
0.363636363636364
0.266666666666667
0.181818181818182
0.166666666666667
0.166666666666667
0.111111111111111
0.0
0.0
0.166666666666667
0.0
0.375
0.0833333333333334
0.0833333333333334
0.0
0.2
0.214285714285714
0.111111111111111
0.2
0.0
0.181818181818182
0.230769230769231
0.0833333333333334
0.0
0.166666666666667
0.111111111111111
0.214285714285714
0.166666666666667
0.0909090909090909
0.333333333333333
0.166666666666667
0.0
0.2
0.153846153846154
0.285714285714286
0.111111111111111
0.214285714285714
0.166666666666667
0.2
0.333333333333333
0.333333333333333
0.111111111111111
0.0833333333333334
0.25
0.25
0.307692307692308
0.111111111111111
0.181818181818182
0.166666666666667
0.166666666666667
0.285714285714286
0.0833333333333334
0.0833333333333334
0.0
0.111111111111111
0.0833333333333334
0.0
0.25
0.166666666666667
0.0833333333333334
0.214285714285714
0.214285714285714
0.0
0.307692307692308
0.1
0.0833333333333334
0.333333333333333
0.111111111111111
0.266666666666667
0.0
0.133333333333333
0.142857142857143
0.111111111111111
0.133333333333333
0.111111111111111
0.166666666666667
0.166666666666667
0.0833333333333334
0.25
0.2
0.166666666666667
0.181818181818182
0.166666666666667
0.230769230769231
0.111111111111111
0.0
0.375
0.111111111111111
0.166666666666667
0.2
0.142857142857143
0.0666666666666666
0.230769230769231
0.0909090909090909
0.375
0.166666666666667
0.0833333333333334
0.333333333333333
0.0833333333333334
0.307692307692308
0.166666666666667
0.166666666666667
0.125
0.0
0.266666666666667
0.0
0.142857142857143
0.111111111111111
0.133333333333333
0.0
0.0909090909090909
0.333333333333333
0.111111111111111
0.0
0.111111111111111
0.166666666666667
0.222222222222222
0.166666666666667
0.0
0.166666666666667
0.363636363636364
0.307692307692308
0.111111111111111
0.0
0.384615384615385
0.166666666666667
0.0
0.166666666666667
0.111111111111111
0.454545454545455
0.4
0.166666666666667
0.0909090909090909
0.153846153846154
0.111111111111111
0.133333333333333
0.3
0.222222222222222
0.384615384615385
0.266666666666667
0.266666666666667
0.2
0.0
0.0833333333333334
0.181818181818182
0.0
0.0833333333333334
0.0
0.0833333333333334
0.375
0.0
0.0909090909090909
0.111111111111111
0.166666666666667
0.222222222222222
0.166666666666667
0.375
0.111111111111111
0.0
0.166666666666667
0.181818181818182
0.166666666666667
0.0
0.0
0.214285714285714
0.0833333333333334
0.375
0.0666666666666666
0.0
0.111111111111111
0.0833333333333334
0.166666666666667
0.0833333333333334
0.0833333333333334
0.166666666666667
0.0833333333333334
0.181818181818182
0.0
0.0833333333333334
0.0833333333333334
0.181818181818182
0.0
0.133333333333333
0.307692307692308
0.363636363636364
0.111111111111111
0.111111111111111
0.181818181818182
0.333333333333333
0.230769230769231
0.0
0.0833333333333334
0.0
0.0
0.0769230769230769
0.0
0.357142857142857
0.266666666666667
0.2
0.0833333333333334
0.357142857142857
0.2
0.0666666666666666
0.363636363636364
0.181818181818182
0.0833333333333334
0.0
0.166666666666667
0.166666666666667
0.166666666666667
