HEURISTIC ELAPSED TIME: 17415.019
Parameters:
verbose => false
logfile => 
source => http://localhost:8890/sparql?default-graph-uri=http://nytimes.org
target => http://lod.openlinksw.com/sparql?default-graph-uri=http://dbpedia.org
class =>  <http://data.nytimes.com/elements/nytd_org> 
append => a
format => txt
chunk => 150
topk => 1
offset => 0
stringthreshold => 0.7
usepivot => true
blocking => true
transitionupdate => false
globalrecall => true
aligner => HierarchicalClusterAligner
ranker => TimeBasedTransitionRanking
selector => DecisionTreeSelectionAlgorithm
searcher => Baseline
learningpercent => 0.2
transitionfailurerate => 1.0
qconly => false
sparqllimit => 10
name => S-based
$shuffle
true
$orderbyclause

$orderby

 & S-based  & 3 & 3.0   & 53.38  & 17362.05 & 47.26 & 39.95 & 43.3  \\ 
LEARNING TIME: 53.375
SEARCH TIME: 17362.046
MATCHER TIME: 52.72
TOTAL TIME: 17468.14
PAIR COMPLETENESS: 0.399491094147583
RECALL: 0.387277353689567
PRECISON: 0.792708333333333
FMEASURE: 0.52034188034188
FOUND INSTANCES: 959
NUMBER QUERIES: 5895
RATIO NUMBER QUERIES / INSTANCES: 3.0
RATIO QUERIES/POSITIVES: 0.298727735368957
RATIO QUERIES/NEGATIVES: 0.701272264631043
NUMBER HOMONYMS: 2029
RATIO HOMONYMS/INSTANCES: 2.11574556830031
INSTANCES / HOMONYMS RATIO: 0.472646623952686
SORTED LIST OF HOMONYMS: 1	1	1	1	1	1	1	1	1	1	1	1	1	1	1	1	1	1	1	1	1	1	1	1	1	1	1	1	1	1	1	1	1	1	1	1	1	1	1	1	1	1	1	1	1	1	1	1	1	1	1	1	1	1	1	1	1	1	1	1	1	1	1	1	1	1	1	1	1	1	1	1	1	1	1	1	1	1	1	1	1	1	1	1	1	1	1	1	1	1	1	1	1	1	1	1	1	1	1	1	1	1	1	1	1	1	1	1	1	1	1	1	1	1	1	1	1	1	1	1	1	1	1	1	1	1	1	1	1	1	1	1	1	1	1	1	1	1	1	1	1	1	1	1	1	1	1	1	1	1	1	1	1	1	1	1	1	1	1	1	1	1	1	1	1	1	1	1	1	1	1	1	1	1	1	1	1	1	1	1	1	1	1	1	1	1	1	1	1	1	1	1	1	1	1	1	1	1	1	1	1	1	1	1	1	1	1	1	1	1	1	1	1	1	1	1	1	1	1	1	1	1	1	1	1	1	1	1	1	1	1	1	1	1	1	1	1	1	1	1	1	1	1	1	1	1	1	1	1	1	1	1	1	1	1	1	1	1	1	1	1	1	1	1	1	1	1	1	1	1	1	1	1	1	1	1	1	1	1	1	1	1	1	1	1	1	1	1	1	1	1	1	1	1	1	1	1	1	1	1	1	1	1	1	1	1	1	1	1	1	1	1	1	1	1	1	1	1	1	1	1	1	1	1	1	1	1	1	1	1	1	1	1	1	1	1	1	1	1	1	1	1	1	1	1	1	1	1	1	1	1	1	1	1	1	1	1	1	1	1	1	1	1	1	1	1	1	1	1	1	2	2	2	2	2	2	2	2	2	2	2	2	2	2	2	2	2	2	2	2	2	2	2	2	2	2	2	2	2	2	2	2	2	2	2	2	2	2	2	2	2	2	2	2	2	2	2	2	2	2	2	2	2	2	2	2	2	2	2	2	2	2	2	2	2	2	2	2	2	2	2	2	2	2	2	2	2	2	2	2	2	2	2	2	2	2	2	2	2	2	2	2	2	2	2	2	2	2	2	2	2	2	2	2	2	2	2	2	2	2	2	2	2	2	2	2	2	2	2	2	2	2	2	2	2	2	2	2	2	2	2	2	2	2	2	2	2	2	2	2	2	2	2	2	2	2	2	2	2	2	2	2	2	2	2	2	2	2	2	2	2	2	2	2	2	2	2	2	2	2	2	2	2	2	2	2	2	2	2	2	2	2	2	2	2	2	2	2	2	2	2	2	2	2	2	2	2	2	2	2	2	2	2	2	2	2	2	2	2	2	2	2	2	2	2	2	2	2	2	2	2	2	2	2	2	2	2	2	2	2	2	2	2	2	2	2	2	2	2	2	2	2	2	2	2	2	2	2	2	2	2	2	2	2	2	2	2	2	2	2	2	2	2	2	2	2	2	2	2	2	2	2	2	2	2	2	2	2	2	2	2	2	2	2	2	2	2	2	2	2	2	2	2	2	2	2	2	2	2	2	2	2	2	2	2	2	2	2	2	2	2	2	2	2	2	2	2	2	2	2	2	2	2	2	2	2	2	2	2	2	2	2	2	2	2	2	2	2	2	2	2	2	2	2	2	2	2	2	2	2	2	2	2	2	2	2	2	2	2	2	2	2	2	2	2	2	2	2	2	2	2	2	2	2	2	2	2	2	2	3	3	3	3	3	3	3	3	3	3	3	3	3	3	3	3	3	3	3	3	3	3	3	3	3	3	3	3	3	3	3	3	3	3	3	3	3	3	3	3	3	3	3	3	3	3	3	3	3	3	3	3	3	3	3	3	3	3	3	3	3	3	3	3	3	3	3	3	3	3	3	3	3	3	3	3	3	3	3	3	3	3	3	3	3	3	3	3	3	3	3	3	3	3	3	3	3	3	3	3	3	3	3	3	3	3	3	3	3	3	4	4	4	4	4	4	4	4	4	4	4	4	4	4	4	4	4	4	4	4	4	4	4	4	4	4	4	4	4	4	4	4	4	4	4	4	4	4	4	4	4	4	4	4	4	5	5	5	5	5	5	5	5	5	5	5	5	5	5	5	5	5	5	5	6	6	6	6	6	6	6	6	6	6	6	6	7	7	7	7	7	7	8	9	9	9	9	9	9	10	10	10	10	10	11	11	12	12	12	12
LIST OF HOMONYMS: 3	2	1	1	1	1	1	1	11	2	1	1	4	3	1	3	2	3	1	9	3	1	1	2	1	2	4	1	1	2	3	4	1	2	6	2	2	1	2	2	2	1	1	5	1	3	2	3	2	2	1	2	1	1	1	2	1	1	3	1	2	1	1	3	2	2	2	2	2	2	3	2	2	2	5	3	1	1	2	2	2	1	1	3	2	2	2	2	5	1	3	1	3	2	1	2	2	1	2	2	2	3	1	3	1	2	3	2	1	2	2	6	2	1	1	1	1	1	3	4	6	2	2	2	2	3	1	2	1	1	3	2	1	3	2	2	4	2	2	2	3	2	2	1	2	2	3	2	2	12	1	1	1	2	1	2	4	4	2	2	1	1	2	3	6	1	1	3	2	1	5	1	1	2	2	2	1	2	1	2	4	2	4	2	1	3	1	1	1	7	2	1	2	2	1	2	1	2	1	2	3	4	1	10	1	2	2	2	4	1	2	2	1	1	1	2	3	1	2	4	1	4	1	1	3	1	3	2	4	2	1	3	1	1	4	1	1	2	1	2	3	3	2	2	4	2	1	1	1	2	1	1	1	2	2	1	1	3	1	1	1	1	3	1	3	1	2	1	3	3	2	2	2	1	2	2	2	2	4	1	4	2	1	1	3	2	2	1	1	3	2	1	1	2	9	1	3	1	5	2	2	1	1	2	2	4	1	1	2	2	11	1	4	2	2	2	2	3	3	1	2	1	2	2	2	2	2	3	2	1	2	1	2	1	1	1	1	2	2	2	2	1	5	2	3	4	3	1	4	1	1	4	5	4	6	2	1	3	2	1	1	4	1	1	1	1	2	1	1	2	3	1	1	4	1	2	1	2	3	1	1	1	5	1	2	1	1	2	1	3	1	2	2	1	2	1	5	1	1	3	1	2	2	2	1	3	1	1	2	1	2	1	7	6	1	12	2	2	9	2	1	10	3	1	1	2	3	1	2	2	1	12	2	2	2	1	1	3	4	1	5	2	2	4	3	2	3	1	4	2	2	4	2	1	3	2	1	2	2	1	4	2	2	1	2	2	1	4	1	1	2	2	2	1	1	3	2	8	1	3	2	2	1	2	2	1	1	1	1	2	2	1	2	2	2	2	2	1	3	1	2	1	1	2	10	2	1	2	1	9	1	1	2	2	2	3	2	1	2	3	3	1	1	1	2	1	1	2	1	1	4	2	2	1	3	2	3	2	1	3	2	4	3	1	1	2	1	2	4	3	1	3	1	2	2	1	2	1	1	2	5	1	3	1	2	1	5	1	4	2	1	1	2	1	3	2	10	2	1	2	2	1	1	1	1	1	3	1	2	2	1	4	1	1	2	1	2	1	2	2	1	2	1	2	1	2	1	1	2	1	2	3	2	1	2	2	1	1	2	3	2	5	1	1	2	1	1	3	1	2	2	1	1	2	2	2	2	2	1	1	3	2	1	2	2	2	1	1	2	2	1	2	2	2	1	3	1	1	2	2	1	5	1	2	1	2	2	2	2	1	1	2	12	2	1	1	2	1	6	1	2	3	2	3	2	1	1	1	1	6	2	1	1	2	9	2	3	2	1	2	2	2	2	2	2	2	1	1	2	2	3	3	1	1	1	1	2	3	2	1	1	3	5	1	5	6	1	2	3	2	2	1	1	2	1	2	2	2	2	2	2	1	1	6	3	1	2	3	7	3	1	3	1	1	2	2	1	1	1	4	1	3	1	1	2	2	2	2	1	2	2	2	1	1	2	2	1	1	1	2	1	2	4	2	2	1	1	2	2	2	3	1	1	3	3	2	2	2	2	1	2	2	6	2	2	1	9	1	1	1	2	7	1	1	2	3	2	2	7	5	2	2	3	1	3	3	2	1	3	1	1	1	1	2	2	1	1	1	2	1	2	2	1	2	1	1	2	1	4	4	4	2	1	2	2	2	2	2	2	1	1	2	1	1	5	1	2	1	1	1	1	1	2	1	2	2	2	2	1	2	1	2	2	2	2	1	1	1	1	1	2	3	2	1	7	1	1	2	1	2	2	3	5	2	1	2	2	1	2	1	3	2	2	1	2	2	2	1	2	1	2	1	3	4	2	1	1	1	2	1	2	4	2	3	2	3	1	1	10	2	1	2	2	2	3	4	6	1	3	2	2	3	2	1	1	2	2	3	2
ELAPSED TIME S: 17505.555
ELAPSED TIME M: 291.75925
