HEURISTIC ELAPSED TIME: 3917.788
Parameters:
verbose => false
logfile => 
source => http://localhost:8890/sparql?default-graph-uri=http://nytimes.org
target => http://localhost:8894/sparql?default-graph-uri=http://dbpedia.org
class =>  <http://data.nytimes.com/elements/nytd_org> 
append => a
format => txt
chunk => 150
topk => 1
offset => 0
stringthreshold => 0.7
usepivot => true
blocking => true
transitionupdate => false
globalrecall => true
aligner => NoAligner
ranker => TimeBasedTransitionRanking
selector => DecisionTreeSelectionAlgorithm
searcher => Baseline
learningpercent => 0.2
transitionfailurerate => 1.0
qconly => false
sparqllimit => 100
name => S-agnostic
$shuffle
true
$orderbyclause

$orderby

 & S-agnostic  & 4 & 4.0   & 9.75  & 2724.33 & 7.99 & 41.32 & 13.4  \\ 
LEARNING TIME: 9.746
SEARCH TIME: 2724.327
MATCHER TIME: 1193.18
TOTAL TIME: 3927.25
PAIR COMPLETENESS: 0.41323155216285
RECALL: 0.336895674300254
PRECISON: 0.674821610601427
FMEASURE: 0.449422946367957
FOUND INSTANCES: 977
NUMBER QUERIES: 7860
RATIO NUMBER QUERIES / INSTANCES: 4.0
RATIO QUERIES/POSITIVES: 0.124300254452926
RATIO QUERIES/NEGATIVES: 0.875699745547074
NUMBER HOMONYMS: 12223
RATIO HOMONYMS/INSTANCES: 12.510747185261
INSTANCES / HOMONYMS RATIO: 0.0799312771005481
SORTED LIST OF HOMONYMS: 1	1	1	1	1	1	1	1	1	1	1	1	1	1	1	1	1	1	1	1	1	1	1	1	1	1	1	1	1	1	1	1	1	1	1	1	1	1	1	1	1	1	1	1	1	1	1	1	1	1	1	1	1	1	1	1	1	1	1	1	1	1	1	1	1	1	1	1	1	1	1	1	1	1	1	1	1	1	1	1	1	1	1	1	1	1	1	1	1	1	1	1	1	1	1	1	1	1	1	1	1	1	1	1	1	1	1	1	1	1	1	1	1	1	1	1	1	1	1	1	1	1	1	1	1	1	1	1	1	1	1	1	1	1	1	1	1	1	1	1	1	1	1	1	1	1	1	1	1	1	1	1	1	1	1	1	1	1	1	1	1	1	1	1	1	1	1	1	1	1	1	1	1	1	1	1	1	1	1	1	1	1	1	1	1	1	1	1	1	1	1	1	1	1	1	1	1	1	1	1	1	1	1	1	1	1	1	1	1	1	1	1	1	1	1	1	1	1	1	1	1	1	1	1	1	1	1	1	1	1	1	1	1	1	1	1	1	1	1	1	1	1	1	1	1	1	1	1	1	1	1	1	1	1	1	1	1	1	1	1	1	1	1	1	1	1	1	1	1	1	1	1	1	1	1	1	1	1	1	1	1	1	1	1	1	1	1	1	1	1	1	1	1	1	1	1	1	1	1	1	1	1	1	1	1	1	1	1	1	1	1	1	1	1	1	1	1	1	1	1	1	1	1	1	1	1	1	1	1	1	1	1	1	1	1	1	2	2	2	2	2	2	2	2	2	2	2	2	2	2	2	2	2	2	2	2	2	2	2	2	2	2	2	2	2	2	2	2	2	2	2	2	2	2	2	2	2	2	2	2	2	2	2	2	2	2	2	2	2	2	2	2	2	2	2	2	2	2	2	2	2	2	2	2	2	2	2	2	2	2	2	2	2	2	2	2	2	2	2	2	2	2	2	2	2	2	2	2	2	2	2	2	2	2	2	2	2	2	2	2	2	2	2	2	2	2	2	2	2	2	2	2	2	2	2	2	2	2	2	2	2	2	2	2	2	2	2	2	2	2	2	2	2	2	2	2	2	2	2	2	2	2	2	2	2	2	2	2	2	2	2	2	2	2	2	2	2	2	2	2	2	2	2	2	2	3	3	3	3	3	3	3	3	3	3	3	3	3	3	3	3	3	3	3	3	3	3	3	3	3	3	3	3	3	3	3	3	3	3	3	3	3	3	3	3	3	3	3	3	3	3	3	3	3	3	3	3	3	3	3	3	3	3	3	3	3	3	3	3	3	3	3	3	3	3	3	3	3	3	3	3	3	3	3	3	3	3	3	3	3	3	3	3	3	3	4	4	4	4	4	4	4	4	4	4	4	4	4	4	4	4	4	4	4	4	4	4	4	4	4	4	4	4	4	4	4	4	4	4	4	4	4	4	4	4	4	4	4	4	4	4	4	4	4	4	4	5	5	5	5	5	5	5	5	5	5	5	5	5	5	5	5	5	5	5	5	5	5	5	5	5	5	5	5	5	5	5	5	5	5	5	5	5	6	6	6	6	6	6	6	6	6	6	6	6	6	6	6	6	6	6	6	6	6	6	6	6	6	7	7	7	7	7	7	7	7	7	7	7	7	7	7	7	7	7	7	7	7	7	7	8	8	8	8	8	8	8	8	8	8	8	9	9	9	9	9	9	9	9	10	10	10	10	10	10	10	10	10	10	10	11	11	11	11	11	11	11	11	11	11	11	12	12	12	12	12	12	12	13	13	13	13	13	13	13	13	14	14	14	14	14	15	15	15	15	15	15	15	16	16	16	16	16	16	16	16	17	17	17	17	17	17	17	17	18	18	18	18	19	19	19	19	19	19	20	20	20	20	21	21	21	21	21	21	22	22	22	23	23	23	23	23	23	24	24	24	24	24	25	25	25	25	25	26	26	27	28	28	30	30	31	32	32	33	35	36	37	37	37	38	38	38	40	40	41	41	44	44	44	45	45	46	48	49	50	50	50	52	52	52	52	53	53	57	57	58	58	59	60	60	60	62	63	64	65	67	67	68	68	68	68	69	69	70	70	71	72	72	74	75	78	79	79	80	80	81	82	82	82	83	83	85	86	88	88	88	93	94	94	95	95	96	96	96	96	97	97	97	97	97	97	97	98	98	98	98	99	99	99	99	100	100	100	100	100	100	100	100	100	100	100	100	100	100	100	100	100
LIST OF HOMONYMS: 7	79	3	50	1	1	7	1	82	17	1	11	6	3	6	1	1	1	98	52	3	1	1	7	19	6	4	4	7	1	9	50	1	100	2	1	1	1	1	2	4	4	97	8	1	4	1	1	3	1	16	1	1	1	2	3	100	3	45	81	2	3	2	5	1	7	2	7	62	21	24	6	28	1	4	100	1	3	95	1	2	1	2	2	1	23	3	1	6	1	2	2	2	4	2	1	3	13	11	68	1	18	1	1	2	5	17	2	3	82	3	1	1	70	1	2	16	100	17	5	7	1	1	44	4	60	3	1	53	5	25	4	14	10	75	6	3	3	1	1	14	10	21	4	3	4	4	1	5	1	1	50	2	10	1	1	2	3	32	1	83	6	2	1	1	4	1	3	2	2	1	1	11	1	1	10	2	3	1	100	11	2	5	25	1	19	1	4	1	1	1	82	96	7	1	5	1	3	3	20	4	1	4	1	96	1	78	3	1	24	1	63	3	1	1	6	1	2	1	1	5	9	4	2	6	1	3	3	30	1	1	2	2	1	1	2	5	2	2	97	2	2	1	72	3	1	1	2	5	11	2	1	1	6	1	2	2	1	2	1	3	1	10	1	2	3	17	2	4	1	2	2	1	46	1	1	5	7	60	5	1	1	24	2	4	1	5	94	1	1	1	70	4	2	2	23	3	1	1	2	1	1	1	3	4	16	2	1	1	2	99	1	1	18	2	1	7	5	3	4	11	2	1	1	3	6	97	9	2	1	12	5	1	2	1	2	1	2	6	11	16	2	9	14	3	2	88	10	1	23	38	1	68	1	4	1	22	74	9	6	1	3	1	3	97	1	15	44	100	1	1	1	1	2	1	2	1	79	18	2	2	7	7	4	20	5	69	12	1	100	1	1	22	2	1	4	2	1	1	1	1	10	1	1	3	1	4	3	5	2	100	1	1	1	1	2	2	2	68	19	1	8	31	2	86	1	1	1	11	2	1	5	3	99	80	1	2	2	1	1	7	4	9	1	1	1	7	12	3	2	21	4	2	98	41	11	25	2	7	2	2	1	67	1	3	2	2	100	1	4	1	1	7	26	38	3	1	1	1	19	1	2	1	1	8	3	97	85	1	5	1	3	1	2	1	1	8	4	1	2	1	6	67	1	4	13	2	15	12	1	1	2	1	2	3	4	20	1	1	1	1	35	10	1	38	1	2	3	1	2	11	2	3	3	2	9	1	1	1	3	12	23	6	1	2	99	2	10	3	20	2	1	37	1	27	15	4	1	1	1	1	88	2	3	3	3	4	3	2	1	13	68	1	72	80	100	2	100	2	98	1	1	6	5	1	100	1	2	3	1	2	1	4	100	16	3	5	6	1	1	1	1	2	7	2	2	3	3	1	3	2	3	1	9	3	1	6	2	3	1	3	4	1	3	1	1	1	2	2	53	1	52	2	1	15	1	100	3	1	1	2	1	2	7	4	4	5	2	1	52	2	1	1	2	8	2	2	4	2	8	1	2	4	28	6	1	1	1	1	2	10	2	1	1	2	3	23	5	1	5	5	1	1	49	1	3	3	1	1	1	19	24	33	1	1	5	44	1	1	5	41	1	99	1	1	17	2	6	2	6	1	3	2	1	1	1	23	2	1	7	2	2	2	4	4	3	3	1	3	40	71	30	57	93	16	1	2	2	13	36	2	4	3	2	2	1	3	2	1	1	16	1	2	3	11	3	17	3	5	1	2	1	1	1	2	1	37	3	1	18	95	5	1	21	1	1	1	2	13	2	5	1	1	4	1	37	15	4	1	1	1	1	1	1	1	1	13	6	2	1	10	1	5	2	1	2	1	5	15	1	3	97	83	17	3	1	1	2	1	1	40	1	2	1	98	52	48	2	2	2	1	1	3	1	2	1	2	3	1	1	3	13	6	1	58	1	1	32	2	1	8	4	2	3	2	4	1	26	3	2	1	3	1	1	15	4	3	16	7	2	1	3	1	1	69	1	1	1	2	2	1	60	1	1	97	3	1	1	1	1	8	14	5	4	1	1	25	2	2	5	5	2	1	94	4	1	2	96	58	21	24	2	2	1	2	2	2	6	57	2	5	100	19	12	1	2	1	2	3	1	100	1	7	8	2	6	1	2	1	1	65	25	1	8	8	2	2	21	13	1	1	7	2	2	17	88	14	1	12	4	3	45	1	96	2	59	22	64	1	100	1	1	1	1	5	1	1
ELAPSED TIME S: 4759.244
ELAPSED TIME M: 79.3207333333333
