NaN
0.0769230769230769
0.0909090909090909
0.0909090909090909
0.111111111111111
0.111111111111111
0.0833333333333334
0.111111111111111
0.0909090909090909
0.0833333333333334
0.0769230769230769
0.166666666666667
0.111111111111111
0.0
0.0
0.153846153846154
0.0
0.153846153846154
0.153846153846154
0.0
0.0833333333333334
0.0714285714285714
0.166666666666667
0.0740740740740741
0.04
0.0370370370370371
0.0370370370370371
0.0666666666666666
0.0370370370370371
0.0370370370370371
0.0625
0.0909090909090909
0.0370370370370371
0.142857142857143
0.0625
0.0833333333333334
0.166666666666667
0.166666666666667
0.0625
0.0476190476190477
0.0833333333333334
0.0370370370370371
0.0833333333333334
0.166666666666667
0.0555555555555556
0.0454545454545454
0.0555555555555556
0.05
0.0714285714285714
0.0714285714285714
0.0370370370370371
0.0833333333333334
0.166666666666667
0.0370370370370371
0.0555555555555556
0.0625
0.0434782608695652
0.0416666666666666
0.0555555555555556
0.0909090909090909
0.0370370370370371
0.0370370370370371
0.0333333333333333
0.0370370370370371
0.0454545454545454
0.0526315789473685
0.04
0.0344827586206896
0.166666666666667
0.0434782608695652
0.0555555555555556
0.0714285714285714
0.0555555555555556
0.0454545454545454
0.0625
0.0416666666666666
0.0555555555555556
0.0555555555555556
0.0454545454545454
0.0833333333333334
0.0555555555555556
0.0526315789473685
0.0476190476190477
0.0769230769230769
0.0370370370370371
0.166666666666667
0.0555555555555556
0.166666666666667
0.0555555555555556
0.0416666666666666
0.0370370370370371
0.0769230769230769
0.0625
0.0625
0.166666666666667
0.0370370370370371
0.0476190476190477
0.0555555555555556
0.166666666666667
0.166666666666667
0.0555555555555556
0.0714285714285714
0.0714285714285714
0.0555555555555556
0.0714285714285714
0.0333333333333333
0.0370370370370371
0.0833333333333334
0.0666666666666666
0.0370370370370371
0.166666666666667
0.0555555555555556
0.0454545454545454
0.0370370370370371
0.0666666666666666
0.0625
0.0333333333333333
0.0625
0.0666666666666666
0.166666666666667
0.0909090909090909
0.0714285714285714
0.0
0.0
0.0555555555555556
0.0833333333333334
0.0476190476190477
0.0526315789473685
0.0
0.05
0.0476190476190477
0.166666666666667
0.0416666666666666
0.1
0.0625
0.0
0.0714285714285714
0.0909090909090909
0.0454545454545454
0.0
0.0625
0.166666666666667
0.0625
0.0714285714285714
0.0333333333333333
0.0625
0.0
0.0
0.0714285714285714
0.0
0.0625
0.0
0.0625
0.0588235294117647
0.0454545454545454
0.0
0.0714285714285714
0.0555555555555556
0.0555555555555556
0.166666666666667
0.166666666666667
0.0526315789473685
0.0666666666666666
0.05
0.0909090909090909
0.0714285714285714
0.0
0.166666666666667
0.0714285714285714
0.0
0.0625
0.0714285714285714
0.0
0.0
0.0833333333333334
0.0555555555555556
0.0555555555555556
0.0714285714285714
0.0689655172413793
0.0
0.0666666666666666
0.0714285714285714
0.0370370370370371
0.125
0.0666666666666666
0.0370370370370371
0.166666666666667
0.0588235294117647
0.166666666666667
0.0526315789473685
0.166666666666667
0.0555555555555556
0.0555555555555556
0.0
0.0
0.0714285714285714
0.0370370370370371
0.0
0.0
0.0714285714285714
0.0370370370370371
0.0
0.0689655172413793
0.0714285714285714
0.0625
0.0555555555555556
0.05
0.0
0.0714285714285714
0.166666666666667
0.0454545454545454
0.0625
0.0
0.0689655172413793
0.0625
0.0666666666666666
0.166666666666667
0.166666666666667
0.166666666666667
