NaN
0.230769230769231
0.0909090909090909
0.25
0.111111111111111
0.0
0.166666666666667
0.0
0.333333333333333
0.0833333333333334
0.307692307692308
0.166666666666667
0.0
0.0
0.25
0.230769230769231
0.0
0.230769230769231
0.230769230769231
0.111111111111111
0.0833333333333334
0.142857142857143
0.208333333333333
0.185185185185185
0.166666666666667
0.111111111111111
0.0740740740740741
0.133333333333333
0.111111111111111
0.0740740740740741
0.2
0.2
0.111111111111111
0.142857142857143
0.2
0.0909090909090909
0.166666666666667
0.166666666666667
0.176470588235294
0.0
0.0909090909090909
0.0740740740740741
0.0909090909090909
0.166666666666667
0.166666666666667
0.136363636363636
0.117647058823529
0.105263157894737
0.142857142857143
0.142857142857143
0.0370370370370371
0.0909090909090909
0.166666666666667
0.0370370370370371
0.117647058823529
0.2
0.181818181818182
0.0833333333333334
0.0588235294117647
0.136363636363636
0.222222222222222
0.0370370370370371
0.0333333333333333
0.0
0.0909090909090909
0.0526315789473685
0.0
0.0333333333333333
0.166666666666667
0.0909090909090909
0.0588235294117647
0.214285714285714
0.111111111111111
0.0454545454545454
0.133333333333333
0.0833333333333334
0.0
0.0
0.136363636363636
0.0909090909090909
0.0
0.105263157894737
0.0952380952380952
0.230769230769231
0.103448275862069
0.166666666666667
0.0
0.166666666666667
0.0555555555555556
0.125
0.0370370370370371
0.153846153846154
0.0666666666666666
0.0666666666666666
0.166666666666667
0.0370370370370371
0.0952380952380952
0.0
0.166666666666667
0.166666666666667
0.0
0.0714285714285714
0.0714285714285714
0.0
0.0714285714285714
0.1
0.0370370370370371
0.0909090909090909
0.266666666666667
0.0370370370370371
0.166666666666667
0.0
0.0454545454545454
0.0370370370370371
0.0714285714285714
0.0666666666666666
0.0333333333333333
0.0666666666666666
0.0666666666666666
0.166666666666667
0.136363636363636
0.0714285714285714
0.0370370370370371
0.0370370370370371
0.0
0.0909090909090909
0.142857142857143
0.105263157894737
0.0370370370370371
0.1
0.0952380952380952
0.166666666666667
0.0
0.333333333333333
0.125
0.0370370370370371
0.0714285714285714
0.227272727272727
0.0454545454545454
0.04
0.125
0.166666666666667
0.0625
0.142857142857143
0.1
0.125
0.0370370370370371
0.0370370370370371
0.0714285714285714
0.0370370370370371
0.0666666666666666
0.0370370370370371
0.0666666666666666
0.2
0.0454545454545454
0.0370370370370371
0.0714285714285714
0.0
0.0555555555555556
0.166666666666667
0.166666666666667
0.105263157894737
0.2
0.111111111111111
0.227272727272727
0.0714285714285714
0.0370370370370371
0.166666666666667
0.107142857142857
0.0370370370370371
0.0666666666666666
0.0714285714285714
0.0370370370370371
0.0370370370370371
0.0909090909090909
0.0
0.0
0.0714285714285714
0.0714285714285714
0.0370370370370371
0.1
0.148148148148148
0.259259259259259
0.25
0.2
0.0740740740740741
0.166666666666667
0.0625
0.166666666666667
0.166666666666667
0.166666666666667
