NaN
0.0833333333333334
0.0909090909090909
0.166666666666667
0.111111111111111
0.111111111111111
0.25
0.111111111111111
0.166666666666667
0.0833333333333334
0.153846153846154
0.166666666666667
0.0
0.0
0.0
0.153846153846154
0.0
0.133333333333333
0.153846153846154
0.0
0.0
0.222222222222222
0.25
0.166666666666667
0.166666666666667
0.166666666666667
0.166666666666667
0.2
0.166666666666667
0.0833333333333334
0.181818181818182
0.0
0.0
0.1
0.0833333333333334
0.133333333333333
0.166666666666667
0.125
0.0
0.166666666666667
0.222222222222222
0.0
0.0
0.111111111111111
0.0
0.0
0.0
