NaN
0.166666666666667
0.1
0.166666666666667
0.0
0.222222222222222
0.166666666666667
0.0
0.2
0.166666666666667
0.416666666666667
0.25
0.111111111111111
0.0
0.0833333333333334
0.153846153846154
0.111111111111111
0.1
0.25
0.0
0.2
0.222222222222222
0.3
0.285714285714286
0.25
0.25
0.307692307692308
0.166666666666667
0.166666666666667
0.166666666666667
0.222222222222222
0.307692307692308
0.307692307692308
0.3
0.25
0.266666666666667
0.166666666666667
0.0
0.1
0.0
0.375
0.166666666666667
0.375
0.0
0.1
0.166666666666667
0.1
0.214285714285714
0.333333333333333
0.454545454545455
0.0833333333333334
0.333333333333333
0.222222222222222
0.230769230769231
0.133333333333333
0.0909090909090909
0.0
0.0769230769230769
0.0769230769230769
0.2
0.25
0.230769230769231
0.133333333333333
0.0833333333333334
0.133333333333333
0.111111111111111
0.25
0.230769230769231
0.111111111111111
0.0
0.0
0.166666666666667
0.0
0.0833333333333334
0.3
0.111111111111111
0.0
0.0
0.0
