HEURISTIC ELAPSED TIME: 562.791
Parameters:
verbose => false
logfile => 
source => http://localhost:8890/sparql?default-graph-uri=http://nytimes.org
target => http://localhost:8895/sparql?default-graph-uri=http://freebase.org
class =>  <http://data.nytimes.com/elements/nytd_geo> 
append => a
format => txt
chunk => 150
topk => 1
offset => 0
stringthreshold => 0.7
usepivot => true
blocking => true
transitionupdate => false
globalrecall => true
aligner => NoAligner
ranker => TimeBasedTransitionRanking
selector => DecisionTreeSelectionAlgorithm
searcher => Baseline
learningpercent => 0.2
transitionfailurerate => 1.0
qconly => false
$shuffle
true
$orderbyclause

$orderby

LATEX & 69.16 & 46.51 & 55.62  & 4 & 4.0   & 576.53
PAIR COMPLETENESS: 0.465104166666667
RECALL: 0.433333333333333
PRECISON: 0.885106382978723
FMEASURE: 0.581818181818182
FOUND INSTANCES: 933
NUMBER QUERIES: 7680
RATIO NUMBER QUERIES / INSTANCES: 4.0
RATIO QUERIES/POSITIVES: 0.124609375
RATIO QUERIES/NEGATIVES: 0.875390625
NUMBER HOMONYMS: 1349
RATIO HOMONYMS/INSTANCES: 1.44587352625938
INSTANCES / HOMONYMS RATIO: 0.691623424759081
SORTED LIST OF HOMONYMS: 1	1	1	1	1	1	1	1	1	1	1	1	1	1	1	1	1	1	1	1	1	1	1	1	1	1	1	1	1	1	1	1	1	1	1	1	1	1	1	1	1	1	1	1	1	1	1	1	1	1	1	1	1	1	1	1	1	1	1	1	1	1	1	1	1	1	1	1	1	1	1	1	1	1	1	1	1	1	1	1	1	1	1	1	1	1	1	1	1	1	1	1	1	1	1	1	1	1	1	1	1	1	1	1	1	1	1	1	1	1	1	1	1	1	1	1	1	1	1	1	1	1	1	1	1	1	1	1	1	1	1	1	1	1	1	1	1	1	1	1	1	1	1	1	1	1	1	1	1	1	1	1	1	1	1	1	1	1	1	1	1	1	1	1	1	1	1	1	1	1	1	1	1	1	1	1	1	1	1	1	1	1	1	1	1	1	1	1	1	1	1	1	1	1	1	1	1	1	1	1	1	1	1	1	1	1	1	1	1	1	1	1	1	1	1	1	1	1	1	1	1	1	1	1	1	1	1	1	1	1	1	1	1	1	1	1	1	1	1	1	1	1	1	1	1	1	1	1	1	1	1	1	1	1	1	1	1	1	1	1	1	1	1	1	1	1	1	1	1	1	1	1	1	1	1	1	1	1	1	1	1	1	1	1	1	1	1	1	1	1	1	1	1	1	1	1	1	1	1	1	1	1	1	1	1	1	1	1	1	1	1	1	1	1	1	1	1	1	1	1	1	1	1	1	1	1	1	1	1	1	1	1	1	1	1	1	1	1	1	1	1	1	1	1	1	1	1	1	1	1	1	1	1	1	1	1	1	1	1	1	1	1	1	1	1	1	1	1	1	1	1	1	1	1	1	1	1	1	1	1	1	1	1	1	1	1	1	1	1	1	1	1	1	1	1	1	1	1	1	1	1	1	1	1	1	1	1	1	1	1	1	1	1	1	1	1	1	1	1	1	1	1	1	1	1	1	1	1	1	1	1	1	1	1	1	1	1	1	1	1	1	1	1	1	1	1	1	1	1	1	1	1	1	1	1	1	1	1	1	1	1	1	1	1	1	1	1	1	1	1	1	1	1	1	1	1	1	1	1	1	1	1	1	1	1	1	1	1	1	1	1	1	1	1	1	1	1	1	1	1	1	1	1	1	1	1	1	1	1	1	1	1	1	1	1	1	1	1	1	1	1	1	1	1	1	1	1	1	1	1	1	1	1	1	1	1	1	1	1	1	1	1	1	1	1	1	1	1	1	1	1	1	1	1	1	1	1	1	1	1	1	1	1	1	1	1	1	1	1	1	1	1	1	1	1	1	1	1	1	1	1	1	1	1	1	1	1	1	1	1	1	1	1	1	1	1	1	1	1	1	1	1	1	1	1	1	1	1	1	1	1	1	1	1	1	1	1	1	1	1	1	1	1	1	1	1	1	1	1	1	1	1	1	1	1	1	1	1	1	1	1	1	1	1	1	1	1	1	1	1	1	1	1	1	1	1	1	1	1	1	1	1	1	1	1	1	1	1	1	1	1	1	1	1	1	1	1	1	1	1	1	1	1	1	1	1	1	1	1	1	1	1	1	1	1	1	1	1	1	1	1	1	1	1	1	1	1	1	1	1	1	1	1	1	1	1	1	1	1	1	1	1	1	1	1	1	1	1	1	1	1	1	1	1	1	1	1	1	1	1	1	1	1	1	1	2	2	2	2	2	2	2	2	2	2	2	2	2	2	2	2	2	2	2	2	2	2	2	2	2	2	2	2	2	2	2	2	2	2	2	2	2	2	2	2	2	2	2	2	2	2	2	2	2	2	2	2	2	2	2	2	2	2	2	2	2	2	2	2	2	2	2	2	2	2	2	2	2	2	2	2	2	2	2	2	2	2	2	2	2	2	2	2	2	2	2	2	2	2	2	2	2	2	2	2	2	2	2	2	2	2	2	2	2	2	2	2	2	2	2	2	2	2	2	2	2	2	2	2	2	2	2	2	2	2	2	2	2	2	2	2	2	2	2	2	2	2	2	2	2	2	2	2	2	2	2	2	2	2	2	2	2	2	2	2	2	2	2	2	2	2	2	2	2	2	2	2	2	2	2	2	2	2	2	2	2	2	2	2	2	2	2	2	3	3	3	3	3	3	3	3	3	3	3	3	3	3	3	3	3	3	3	3	3	3	3	3	3	3	3	3	3	3	3	3	3	3	3	3	3	3	3	3	4	4	4	4	4	4	4	4	4	4	4	4	4	4	4	4	5	5	5	6	6	8	9
LIST OF HOMONYMS: 1	1	2	1	1	1	1	1	2	1	1	2	1	1	1	1	2	1	3	4	1	1	2	1	1	4	1	1	1	1	1	3	1	1	2	1	1	1	1	1	1	1	2	1	1	2	1	1	4	2	1	2	1	1	1	1	1	1	1	1	4	1	1	2	2	2	1	1	1	1	3	1	1	2	1	1	1	2	1	1	5	1	1	1	1	1	1	1	1	1	1	1	3	1	1	1	1	1	2	1	3	1	1	1	1	1	3	1	1	1	1	2	2	1	1	1	1	1	2	1	1	1	1	2	2	2	1	1	1	2	1	1	1	2	1	1	1	1	1	2	3	1	2	1	1	3	2	1	1	2	2	1	1	1	1	1	1	2	4	1	1	2	1	2	3	1	1	2	1	2	1	2	1	1	3	2	1	2	1	3	1	1	1	2	1	1	1	1	2	1	2	2	1	1	4	2	1	1	1	3	1	1	1	1	1	1	1	1	1	6	1	1	1	1	1	2	2	2	1	1	1	2	2	1	1	1	1	1	1	1	1	3	1	1	2	1	1	1	1	1	1	2	1	1	1	1	3	2	1	2	2	1	3	1	2	3	1	1	1	1	1	1	1	1	2	1	1	1	1	1	1	1	1	1	1	1	1	1	1	1	1	3	2	1	1	1	1	1	1	2	1	3	1	2	2	1	1	1	1	1	2	1	1	2	1	2	1	2	1	1	2	1	2	1	1	1	2	2	1	1	1	3	1	2	1	1	1	1	1	2	1	1	1	1	2	1	1	1	1	2	2	2	2	1	3	1	1	1	1	1	1	1	1	1	1	2	1	3	2	1	1	1	1	1	2	1	1	3	1	1	1	1	1	1	1	1	1	2	1	1	1	1	1	1	1	1	1	1	1	1	1	1	1	1	1	1	1	1	1	3	1	1	1	1	1	1	1	2	1	1	3	2	2	1	1	2	1	1	1	1	1	4	1	1	1	1	1	1	1	1	1	1	1	1	1	1	1	1	1	1	1	1	1	2	1	1	1	1	1	1	1	1	1	2	1	1	2	1	1	1	1	1	1	3	1	2	2	1	1	1	1	1	1	1	1	1	3	1	1	1	1	1	1	1	1	1	1	1	2	1	2	1	1	2	2	1	6	2	1	1	1	4	1	2	1	1	1	1	1	1	2	1	1	1	1	2	2	1	1	1	1	2	1	1	1	1	1	1	2	5	1	1	1	1	1	1	1	4	1	4	1	1	1	3	1	1	1	1	2	1	1	1	2	1	1	2	2	1	1	1	1	2	1	1	1	1	1	1	1	1	1	2	3	2	1	1	1	1	1	2	1	8	1	1	1	1	1	1	1	2	1	9	1	2	1	1	1	1	1	1	1	1	1	1	2	1	1	1	1	1	1	1	1	2	1	2	1	1	2	2	2	1	1	1	1	1	1	2	1	1	2	1	1	2	2	1	2	1	1	1	1	1	1	1	1	2	1	1	1	1	1	1	1	1	2	1	2	1	1	1	1	1	1	1	1	1	3	1	1	1	1	1	1	1	1	1	1	1	4	1	1	2	1	1	1	2	1	2	1	1	1	1	2	1	2	1	2	2	1	1	1	1	1	1	1	1	1	3	2	2	1	2	1	2	1	1	4	2	2	1	2	1	2	1	1	1	1	1	1	2	1	2	1	1	1	1	2	3	1	1	1	1	1	1	1	1	1	2	1	1	1	1	3	1	2	1	1	2	4	1	1	2	1	2	1	1	1	1	1	1	1	1	1	1	1	2	3	2	1	2	5	2	1	1	2	1	1	1	2	2	1	1	2	1	1	1	2	1	1	1	1	2	2	2	1	1	2	2	4	2	1	2	1	1	1	2	1	1	1	1	1	1	1	1	1	2	1	1	1	1	1	1	1	1	1	1	2	3	1	1	2	4	1	2	1	3	1	1	1	1	1	1	1	1	1	1	1	1	1	2	2	1	1	1	2	1	1	1	1	1	2	2	1	1	1	1	1	1	1	2	1	1	1	2	2	1	1	1	3	1	1	1	1	1	1	1	1	2	1	1	1	2	1	1	1	1	1	1	1	1	1	1	1	1	1	1	1	2	2	1	1	1	1	3	1	1	2	1	1	1	1	2	1	1	1	1	1	1	1	1	1	1	1	1	1	2	1	1	2	2	1	1	1	1	3	1	1	3	3	1	1	2	2	2	1	1	1	1	1	1	4	2	1	1	2	1	1	1	1	1	1	1	2	1	1	1	1	1	1	1	1	1	1	1	1	1
ELAPSED TIME S: 576.529
ELAPSED TIME M: 9.60881666666667
