HEURISTIC ELAPSED TIME: 4572.897
Parameters:
verbose => false
logfile => 
source => http://localhost:8890/sparql?default-graph-uri=http://nytimes.org
target => http://lod.openlinksw.com/sparql?default-graph-uri=http://dbpedia.org
class =>  <http://data.nytimes.com/elements/nytd_per> 
append => a
format => txt
chunk => 150
topk => 0
offset => 0
stringthreshold => 0.7
usepivot => true
blocking => true
transitionupdate => false
globalrecall => true
aligner => NoAligner
ranker => TimeBasedTransitionRanking
selector => DecisionTreeSelectionAlgorithm
searcher => Baseline
learningpercent => 0.1
transitionfailurerate => 1.0
qconly => false
$shuffle
true
$orderbyclause

$orderby

LATEX & 22.03 & 0.0 & 0.0  & 4 & 4.0   & 4588.09
PAIR COMPLETENESS: 0.0
RECALL: 0.0
PRECISON: NaN
FMEASURE: 0.0
FOUND INSTANCES: 858
NUMBER QUERIES: 19916
RATIO NUMBER QUERIES / INSTANCES: 4.0
RATIO QUERIES/POSITIVES: 0.0430809399477807
RATIO QUERIES/NEGATIVES: 0.956919060052219
NUMBER HOMONYMS: 3895
RATIO HOMONYMS/INSTANCES: 4.53962703962704
INSTANCES / HOMONYMS RATIO: 0.220282413350449
SORTED LIST OF HOMONYMS: 1	1	1	1	1	1	1	1	1	1	1	1	1	1	1	1	1	1	1	1	1	1	1	1	1	1	1	1	1	1	1	1	1	1	1	1	1	1	1	1	1	1	1	1	1	1	1	1	1	1	1	1	1	1	1	1	1	1	1	1	1	1	1	1	1	1	1	1	1	1	1	1	1	1	1	1	1	1	1	1	1	1	1	1	1	1	1	1	1	1	1	1	1	1	1	1	1	1	1	1	1	1	1	1	1	1	1	1	1	1	1	1	1	1	1	1	1	1	1	1	1	1	1	1	1	1	1	1	1	1	1	1	1	1	1	1	1	1	1	1	1	1	1	1	1	1	1	1	1	1	1	1	1	1	1	1	1	1	1	1	1	1	1	1	1	1	1	1	1	1	1	1	1	1	1	1	1	1	1	1	1	1	1	1	1	1	1	1	1	1	1	1	1	1	1	1	1	1	1	1	1	1	1	1	1	1	1	1	1	1	1	1	1	1	1	1	1	1	1	1	1	1	1	1	1	1	1	1	1	1	1	1	1	1	1	1	1	1	1	1	1	1	1	1	1	1	1	1	1	1	1	1	1	1	1	1	1	1	1	1	1	1	1	1	1	1	1	1	1	1	1	1	1	1	1	1	1	1	1	1	1	1	1	1	1	1	1	1	1	1	1	1	1	1	1	1	1	1	1	1	1	1	1	1	1	1	1	1	1	1	1	1	1	1	1	1	1	1	1	1	1	1	1	1	1	1	1	1	1	1	1	1	1	1	1	1	1	1	1	1	1	1	1	1	1	1	1	1	1	1	2	2	2	2	2	2	2	2	2	2	2	2	2	2	2	2	2	2	2	2	2	2	2	2	2	2	2	2	2	2	2	2	2	2	2	2	2	2	2	2	2	2	2	2	2	2	2	2	2	2	2	2	2	2	2	2	2	2	2	2	2	2	2	2	2	2	2	2	2	2	2	2	2	2	2	2	2	2	2	2	2	2	2	2	2	2	2	2	2	2	2	2	2	2	2	2	2	2	2	2	2	2	2	2	2	2	2	2	2	2	2	2	2	2	2	2	2	2	2	2	2	2	2	2	2	2	2	2	2	2	2	2	2	2	2	2	2	2	2	2	2	2	2	2	2	2	2	2	2	2	2	2	2	2	2	2	2	2	2	2	2	2	2	2	2	2	2	2	2	2	2	2	2	2	2	2	2	2	2	2	2	2	2	2	2	2	2	2	2	2	2	2	2	2	2	2	2	2	2	2	2	2	3	3	3	3	3	3	3	3	3	3	3	3	3	3	3	3	3	3	3	3	3	3	3	3	3	3	3	3	3	3	3	3	3	3	3	3	3	3	3	3	3	3	3	3	3	3	3	3	3	3	3	3	3	3	3	3	3	3	3	3	3	3	3	3	3	3	3	3	3	3	3	3	3	3	3	3	3	3	3	3	3	3	3	3	3	3	3	3	3	3	3	3	3	3	3	3	3	3	3	3	3	3	3	3	3	3	3	3	3	3	3	3	3	3	3	3	3	3	3	3	3	3	3	3	3	3	3	3	3	3	3	3	3	3	3	3	3	3	3	3	3	3	3	3	3	3	3	3	3	3	3	3	3	3	3	3	3	3	3	4	4	4	4	4	4	4	4	4	4	4	4	4	4	4	4	4	4	4	4	4	4	4	4	4	4	4	4	4	4	4	4	4	4	4	4	4	4	4	4	4	4	4	4	4	4	4	4	4	4	4	4	4	4	4	4	4	4	4	4	4	4	4	4	4	4	4	4	4	4	4	4	4	4	4	4	4	4	4	4	4	4	4	4	4	4	4	4	4	4	5	5	5	5	5	5	5	5	5	5	5	5	5	5	5	5	5	5	5	5	5	5	5	5	5	5	5	5	5	5	5	5	5	5	5	5	5	5	5	5	5	5	5	5	5	5	5	5	5	5	5	5	5	5	5	5	5	5	5	5	5	6	6	6	6	6	6	6	6	6	6	6	6	6	6	6	6	6	6	6	6	6	6	6	6	6	6	6	6	6	6	6	6	6	7	7	7	7	7	7	7	7	7	7	7	7	7	7	7	7	7	7	7	7	7	7	7	7	7	7	7	7	8	8	8	8	8	8	8	8	8	8	8	8	8	8	8	8	8	8	8	8	8	8	8	9	9	9	9	9	9	9	9	9	9	9	9	9	9	9	9	9	9	10	10	10	10	10	10	10	10	10	10	10	10	10	10	10	10	10	10	11	11	11	11	11	11	11	11	11	11	11	11	11	11	11	11	11	12	12	12	12	12	13	13	13	14	14	14	14	14	15	15	15	15	16	16	16	16	17	17	17	17	18	19	19	19	19	20	20	21	21	23	23	23	23	23	23	23	24	27	27	27	29	30	30
LIST OF HOMONYMS: 3	4	3	2	3	1	3	1	1	5	1	1	2	23	4	1	3	1	8	6	3	12	16	9	4	1	3	9	1	12	8	1	3	2	3	4	1	1	1	4	2	1	3	8	3	5	4	1	2	1	2	2	8	1	2	1	8	4	1	4	5	8	1	2	5	1	1	14	2	2	3	4	5	2	4	6	10	1	1	1	3	11	3	4	2	1	4	3	5	17	1	30	23	4	2	4	4	5	6	3	4	19	2	1	1	1	2	6	1	1	9	7	4	1	3	1	1	10	3	14	3	4	5	9	4	2	2	2	2	1	3	1	3	7	2	5	2	1	1	1	1	8	3	24	6	3	1	3	2	7	3	3	4	4	2	3	2	4	1	1	2	2	15	2	5	1	1	1	1	1	2	1	1	3	5	23	17	3	16	3	1	8	2	3	3	1	4	1	1	2	4	7	10	3	1	3	1	1	1	1	3	5	1	3	1	4	3	4	2	7	4	6	4	3	7	1	6	7	4	2	3	4	3	1	9	5	2	1	2	3	1	5	1	1	1	1	1	5	4	2	1	1	4	1	4	15	2	16	8	1	11	3	1	1	1	1	1	2	2	9	5	2	3	3	7	5	7	2	4	1	4	2	1	10	1	3	4	3	2	4	5	2	2	2	2	3	3	2	5	2	12	1	1	1	1	1	1	5	1	5	1	2	2	7	4	2	3	4	3	2	5	2	3	6	1	10	4	2	2	1	2	4	2	23	3	8	1	1	1	1	1	1	3	3	2	8	4	1	2	7	3	3	2	9	4	6	6	3	1	3	4	2	2	3	10	1	2	1	1	1	1	1	1	3	2	5	5	2	3	6	1	7	2	2	4	2	5	4	1	1	3	7	21	1	2	3	3	2	30	1	5	1	1	1	1	1	1	1	2	4	3	11	4	2	8	2	4	17	2	3	1	2	7	2	11	2	3	2	21	6	1	20	1	2	2	3	4	4	1	1	1	1	1	1	9	10	6	9	2	3	3	2	1	4	4	1	1	3	3	7	4	4	3	2	2	2	2	1	1	1	1	1	1	1	3	3	6	11	7	5	2	6	2	3	4	7	5	10	2	11	2	2	3	3	1	3	2	1	14	1	11	3	19	1	1	1	1	1	1	3	1	2	4	2	6	2	8	1	27	3	3	5	10	15	6	3	2	1	3	12	2	1	1	1	1	1	1	1	1	9	2	3	3	2	4	2	6	2	2	3	2	3	1	3	5	2	1	5	2	3	1	1	1	1	1	1	1	4	1	2	4	4	1	1	2	2	8	3	1	1	27	7	14	1	2	1	2	2	1	1	1	1	1	1	4	2	2	3	4	3	4	3	2	18	3	8	1	6	8	2	8	2	2	4	3	5	1	27	2	3	2	4	1	1	1	1	1	1	3	2	3	1	2	5	2	2	2	3	2	7	2	3	11	4	4	7	1	2	2	3	1	1	1	1	1	1	11	4	2	5	1	3	4	10	3	9	5	9	2	2	3	1	2	1	3	11	10	3	6	3	9	1	1	1	1	1	1	3	1	8	2	3	6	3	1	1	1	8	3	5	8	1	1	3	9	10	1	3	8	4	6	6	1	3	1	1	3	2	5	4	1	11	1	6	6	1	1	1	1	1	1	1	2	1	2	1	3	2	13	3	2	5	1	4	2	7	2	1	10	3	3	3	6	1	1	2	4	1	2	3	3	1	1	1	1	1	1	1	2	6	2	5	2	5	3	9	2	1	1	1	1	8	3	29	9	4	3	1	1	1	1	1	1	1	2	1	2	1	2	11	7	14	9	20	5	3	2	3	1	1	1	1	2	7	3	1	2	3	5	6	3	1	1	1	1	1	1	1	3	5	2	5	2	2	2	7	3	7	2	2	5	2	1	2	2	1	1	1	1	1	1	1	1	5	2	5	11	1	2	10	2	11	2	2	4	2	4	10	2	2	3	10	19	5	1	1	1	1	1	1	1	1	19	1	2	7	4	1	2	3	1	3	5	5	2	1	1	2	5	2	2	3	4	3	3	7	6	3	3	5	2	1	1	1	1	1	1	1	1	6	1	3	3	2	23	3	23	1	4	1	3	6	3	5	5	3	1	10	3	2	11	2	2	3	1	1	4	1	3	1	1	2	1	1	1	1	1	1	1	9	3	2	2	5	8	3	4	1	11	3	4	2	2	7	1	1	1	1	1	1	1	5	4	15	2	10	11	4	5	3	2	5	3	2	2	3	6	1	2	4	1	23	1	1	1	1	1	1	1	1	2	4	1	2	2	13	5	2	1	2	5	4	2	13	16	1	5	2	2	1	12	2	1	1	4	3	4	1	17	2	1	1	1	1	1	1	1	6	3	2	1	1	1	1	1	1	1
ELAPSED TIME S: 4588.094
ELAPSED TIME M: 76.4682333333333
