HEURISTIC ELAPSED TIME: 3642.498
Parameters:
verbose => false
logfile => 
source => http://localhost:8890/sparql?default-graph-uri=http://nytimes.org
target => http://lod.openlinksw.com/sparql?default-graph-uri=http://dbpedia.org
class =>  <http://data.nytimes.com/elements/nytd_per> 
append => a
format => txt
chunk => 150
topk => 0
offset => 0
stringthreshold => 0.7
usepivot => true
blocking => true
transitionupdate => false
globalrecall => true
aligner => HierarchicalClusterAligner
ranker => TimeBasedTransitionRanking
selector => DecisionTreeSelectionAlgorithm
searcher => Baseline
learningpercent => 0.1
transitionfailurerate => 1.0
qconly => false
$shuffle
true
$orderbyclause

$orderby

LATEX & 31.53 & 13.52 & 18.93  & 1 & 1.0   & 3703.02
PAIR COMPLETENESS: 0.135222021297971
RECALL: 0.132208157524613
PRECISON: 0.833967046894803
FMEASURE: 0.228234477974332
FOUND INSTANCES: 1020
NUMBER QUERIES: 4979
RATIO NUMBER QUERIES / INSTANCES: 1.0
RATIO QUERIES/POSITIVES: 0.204860413737698
RATIO QUERIES/NEGATIVES: 0.795139586262302
NUMBER HOMONYMS: 3235
RATIO HOMONYMS/INSTANCES: 3.17156862745098
INSTANCES / HOMONYMS RATIO: 0.315301391035549
SORTED LIST OF HOMONYMS: 1	1	1	1	1	1	1	1	1	1	1	1	1	1	1	1	1	1	1	1	1	1	1	1	1	1	1	1	1	1	1	1	1	1	1	1	1	1	1	1	1	1	1	1	1	1	1	1	1	1	1	1	1	1	1	1	1	1	1	1	1	1	1	1	1	1	1	1	1	1	1	1	1	1	1	1	1	1	1	1	1	1	1	1	1	1	1	1	1	1	1	1	1	1	1	1	1	1	1	1	1	1	1	1	1	1	1	1	1	1	1	1	1	1	1	1	1	1	1	1	1	1	1	1	1	1	1	1	1	1	1	1	1	1	1	1	1	1	1	1	1	1	1	1	1	1	1	1	1	1	1	1	1	1	1	1	1	1	1	1	1	1	1	1	1	1	1	1	1	1	1	1	1	1	1	1	1	1	1	1	1	1	1	1	1	1	1	1	1	1	1	1	1	1	1	1	1	1	1	1	1	1	1	1	1	1	1	1	1	1	1	1	1	1	1	1	1	1	1	1	1	1	1	1	1	1	1	1	1	1	1	1	1	1	1	1	1	1	1	1	1	1	1	1	1	1	1	1	1	1	1	1	1	1	1	1	1	1	1	1	1	1	1	1	1	1	1	1	1	1	1	1	1	1	1	1	1	1	1	1	1	1	1	1	1	1	1	1	1	1	1	1	1	1	1	1	1	1	1	1	1	1	1	1	1	1	1	1	1	1	1	1	1	1	1	1	1	1	1	1	1	1	1	1	1	1	1	1	1	1	1	1	1	1	1	1	1	1	1	1	1	1	1	1	1	1	1	1	1	1	1	2	2	2	2	2	2	2	2	2	2	2	2	2	2	2	2	2	2	2	2	2	2	2	2	2	2	2	2	2	2	2	2	2	2	2	2	2	2	2	2	2	2	2	2	2	2	2	2	2	2	2	2	2	2	2	2	2	2	2	2	2	2	2	2	2	2	2	2	2	2	2	2	2	2	2	2	2	2	2	2	2	2	2	2	2	2	2	2	2	2	2	2	2	2	2	2	2	2	2	2	2	2	2	2	2	2	2	2	2	2	2	2	2	2	2	2	2	2	2	2	2	2	2	2	2	2	2	2	2	2	2	2	2	2	2	2	2	2	2	2	2	2	2	2	2	2	2	2	2	2	2	2	2	2	2	2	2	2	2	2	2	2	2	2	2	2	2	2	2	2	2	2	2	2	2	2	2	2	2	2	2	2	2	2	2	2	2	2	2	2	2	2	2	2	2	2	2	2	2	2	2	2	2	2	2	2	2	2	2	2	2	2	2	2	2	2	2	2	2	2	2	2	2	2	2	2	2	2	2	2	2	2	2	2	2	2	2	2	2	2	2	2	2	2	2	2	2	2	2	2	2	2	2	2	2	2	2	2	2	2	2	2	2	2	2	2	2	2	2	2	2	2	2	2	2	2	2	2	2	2	2	2	2	2	2	2	2	2	2	2	2	2	2	2	2	2	2	2	2	2	2	2	2	2	2	2	2	2	2	2	2	2	2	2	2	2	2	2	2	2	2	2	2	2	2	2	2	2	2	2	2	2	2	2	2	2	2	2	2	2	2	2	2	2	2	2	2	2	2	2	2	2	2	2	2	2	2	2	3	3	3	3	3	3	3	3	3	3	3	3	3	3	3	3	3	3	3	3	3	3	3	3	3	3	3	3	3	3	3	3	3	3	3	3	3	3	3	3	3	3	3	3	3	3	3	3	3	3	3	3	3	3	3	3	3	3	3	3	3	3	3	3	3	3	3	3	3	3	3	3	3	3	3	3	3	3	3	3	3	3	3	3	3	3	3	3	3	3	3	3	3	3	3	3	3	3	3	3	3	3	3	3	3	3	3	3	3	3	3	3	3	3	3	3	3	3	3	3	3	3	3	3	3	3	3	3	3	3	3	3	3	3	3	3	3	3	3	3	3	3	3	3	3	3	3	3	3	3	3	3	3	3	3	3	3	3	3	3	3	3	3	3	3	3	3	3	3	3	3	3	3	3	3	3	3	3	3	3	3	3	3	3	3	3	3	3	3	3	3	3	3	3	3	3	3	3	3	3	3	3	3	3	3	3	3	3	3	3	3	3	3	3	3	3	4	4	4	4	4	4	4	4	4	4	4	4	4	4	4	4	4	4	4	4	4	4	4	4	4	4	4	4	4	4	4	4	4	4	4	4	4	4	4	4	4	4	4	4	4	4	4	4	4	4	4	4	4	4	4	4	4	4	4	4	4	4	4	4	4	4	4	4	4	4	4	4	4	4	4	4	4	4	4	4	4	4	4	4	4	4	4	4	4	4	4	4	4	4	4	4	4	4	4	4	4	5	5	5	5	5	5	5	5	5	5	5	5	5	5	5	5	5	5	5	5	5	5	5	5	5	5	5	5	5	5	5	5	5	5	5	5	5	5	5	5	5	6	6	6	6	6	6	6	6	6	6	6	6	6	6	6	6	6	6	6	6	6	6	6	6	6	6	6	6	6	7	7	7	7	7	7	7	7	7	7	7	7	7	7	7	7	7	7	7	8	8	8	8	8	8	8	8	8	8	8	8	8	8	8	9	9	9	9	9	9	9	9	9	9	9	9	9	10	10	10	10	10	10	11	11	11	11	11	11	11	12	12	12	12	12	12	12	13	14	14	14	15	17	18	20	21
LIST OF HOMONYMS: 3	3	4	3	3	1	2	1	1	2	2	1	2	5	2	2	3	1	2	3	4	1	3	3	2	7	3	4	1	3	3	1	1	3	9	1	2	2	2	2	3	1	3	2	1	2	2	1	3	3	3	2	2	3	3	3	1	2	2	2	1	5	8	1	2	1	3	2	1	4	9	9	2	1	3	4	3	1	1	4	2	2	1	3	4	3	1	4	3	2	7	2	6	1	1	2	4	8	3	1	1	2	4	2	2	4	3	3	10	4	4	2	6	8	5	2	4	4	4	2	2	3	5	3	2	4	2	1	1	1	2	7	1	2	12	3	4	3	3	1	1	3	3	2	4	3	4	4	3	4	2	3	1	2	2	2	3	1	3	3	2	1	4	2	1	1	1	1	5	3	12	6	2	3	2	7	2	1	7	4	4	2	3	1	2	2	2	3	2	2	2	2	2	3	1	1	1	1	1	1	4	1	7	2	4	8	4	2	3	3	2	3	2	2	3	3	1	4	3	1	1	2	6	2	4	4	3	1	2	1	1	1	1	1	2	3	2	2	1	3	2	1	3	7	3	1	2	3	14	1	2	1	5	3	2	2	1	2	4	3	1	2	4	1	3	1	2	3	2	2	1	3	1	7	1	1	1	1	2	1	1	6	2	3	2	3	2	3	1	2	1	2	3	2	9	2	18	2	1	3	4	1	1	1	1	3	2	4	4	2	1	3	5	5	6	2	2	3	4	2	4	10	1	1	3	4	3	2	3	2	3	2	2	2	2	4	3	2	1	2	2	3	2	5	1	1	1	1	1	5	1	2	2	1	2	2	7	3	2	3	4	3	1	2	2	1	3	2	5	3	1	6	3	2	2	2	2	4	2	12	2	1	1	1	1	1	1	3	2	3	2	2	4	1	2	3	3	1	3	1	2	3	4	4	8	4	1	3	4	2	2	4	4	1	1	2	1	1	1	1	1	2	2	2	6	4	2	2	5	1	7	1	2	3	2	4	2	3	1	3	1	1	1	3	14	5	1	3	2	3	2	21	1	3	4	1	1	1	1	1	2	2	3	4	5	2	5	2	3	9	2	3	1	2	4	2	1	1	5	2	3	2	2	1	6	2	9	1	2	3	1	2	4	1	1	1	1	1	1	2	6	8	2	1	2	3	2	3	2	2	2	1	2	3	1	1	3	3	9	4	2	3	2	1	2	2	2	3	1	1	1	1	1	1	3	2	2	5	3	3	4	3	1	2	4	2	2	3	6	2	1	3	9	2	6	2	2	2	2	3	4	1	3	2	2	5	1	3	2	2	3	7	1	1	1	1	1	2	2	2	1	2	2	2	2	4	2	1	4	1	8	2	3	3	10	2	2	3	3	2	4	3	12	2	1	6	1	1	1	1	1	9	2	2	2	2	10	3	2	3	2	3	2	2	1	1	3	2	3	1	3	5	2	1	4	2	2	1	1	1	1	1	1	2	2	2	6	4	1	2	2	5	3	1	1	7	2	2	4	4	1	1	1	3	1	2	2	1	1	1	1	1	1	1	4	2	2	2	3	7	4	3	2	3	3	2	2	2	6	1	6	5	2	3	2	1	3	3	3	2	2	14	2	2	2	3	1	1	1	1	1	2	2	2	2	1	1	5	1	1	2	2	1	2	3	2	2	4	2	3	1	7	4	5	3	5	3	2	3	1	1	1	1	1	15	4	2	4	2	1	2	1	1	4	9	2	4	2	7	2	2	3	1	2	2	9	6	3	3	3	4	1	1	1	1	1	5	2	1	3	2	3	6	4	1	1	1	3	13	3	3	6	1	1	3	3	2	2	4	5	8	3	7	6	1	2	1	1	1	2	2	2	4	7	4	1	3	3	1	1	1	1	1	2	4	2	2	2	4	2	2	5	2	2	2	3	2	1	8	1	3	11	3	2	1	2	3	1	2	2	2	4	2	1	1	1	1	1	1	2	4	2	1	1	2	3	3	3	5	2	2	3	1	1	2	2	3	10	1	3	1	8	3	3	1	1	1	1	1	2	2	1	2	1	3	2	1	6	5	3	5	8	6	4	2	5	1	2	1	2	2	3	2	2	2	3	4	8	3	1	1	1	1	1	3	5	2	5	2	2	1	2	7	2	5	2	2	7	2	1	2	2	4	1	1	1	1	1	1	4	2	3	3	1	3	11	2	4	12	2	2	2	2	2	10	2	2	2	2	20	2	1	1	1	1	1	1	8	1	2	6	1	3	1	2	6	1	6	5	5	1	3	1	2	3	2	2	2	2	3	3	3	5	3	3	3	2	6	1	1	1	1	1	1	6	1	1	1	3	2	12	3	8	1	3	2	2	1	2	6	3	2	2	3	1	2	3	1	2	4	11	3	2	2	5	1	1	3	1	3	3	5	2	1	1	1	1	1	2	9	1	2	2	4	1	17	3	8	1	2	1	1	3	3	1	2	1	1	2	2	5	1	4	1	1	1	1	1	3	4	4	2	2	3	11	12	3	1	2	2	2	3	2	3	2	2	2	3	4	2	1	4	1	6	1	1	1	1	1	1	2	2	4	1	2	1	2	11	11	2	1	2	4	3	3	1	1	2	11	3	1	1	4	2	2	4	9	2	1	4	5	2	1	1	4	2	1	1	1	1	1	3	2	2	3	3	1	1	1	1	1	1
ELAPSED TIME S: 3703.027
ELAPSED TIME M: 61.7171166666667
