HEURISTIC ELAPSED TIME: 4918.189
Parameters:
verbose => false
logfile => 
source => http://localhost:8890/sparql?default-graph-uri=http://nytimes.org
target => http://lod.openlinksw.com/sparql?default-graph-uri=http://dbpedia.org
class =>  <http://data.nytimes.com/elements/nytd_per> 
append => a
format => txt
chunk => 150
topk => 0
offset => 0
stringthreshold => 0.7
usepivot => true
blocking => true
transitionupdate => false
globalrecall => true
aligner => HierarchicalClusterAligner
ranker => TimeBasedTransitionRanking
selector => DecisionTreeSelectionAlgorithm
searcher => BranchAndBound
learningpercent => 0.1
transitionfailurerate => 1.0
qconly => false
$shuffle
true
$orderbyclause

$orderby

LATEX & 27.09 & 0.0 & 0.0  & 5 & 1.38   & 4979.92
PAIR COMPLETENESS: 0.0
RECALL: 0.0
PRECISON: NaN
FMEASURE: 0.0
FOUND INSTANCES: 4950
NUMBER QUERIES: 6893
RATIO NUMBER QUERIES / INSTANCES: 1.3844145410725
RATIO QUERIES/POSITIVES: 0.742927607717975
RATIO QUERIES/NEGATIVES: 0.257072392282025
NUMBER HOMONYMS: 18273
RATIO HOMONYMS/INSTANCES: 3.69151515151515
INSTANCES / HOMONYMS RATIO: 0.270891479231653
SORTED LIST OF HOMONYMS: 1	1	1	1	1	1	1	1	1	1	1	1	1	1	1	1	1	1	1	1	1	1	1	1	1	1	1	1	1	1	1	1	1	1	1	1	1	1	1	1	1	1	1	1	1	1	1	1	1	1	1	1	1	1	1	1	1	1	1	1	1	1	1	1	1	1	1	1	1	1	1	1	1	1	1	1	1	1	1	1	1	1	1	1	1	1	1	1	1	1	1	1	1	1	1	1	1	1	1	1	1	1	1	1	1	1	1	1	1	1	1	1	1	1	1	1	1	1	1	1	1	1	1	1	1	1	1	1	1	1	1	1	1	1	1	1	1	1	1	1	1	1	1	1	1	1	1	1	1	1	1	1	1	1	1	1	1	1	1	1	1	1	1	1	1	1	1	1	1	1	1	1	1	1	1	1	1	1	1	1	1	1	1	1	1	1	1	1	1	1	1	1	1	1	1	1	1	1	1	1	1	1	1	1	1	1	1	1	1	1	1	1	1	1	1	1	1	1	1	1	1	1	1	1	1	1	1	1	1	1	1	1	1	1	1	1	1	1	1	1	1	1	1	1	1	1	1	1	1	1	1	1	1	1	1	1	1	1	1	1	1	1	1	1	1	1	1	1	1	1	1	1	1	1	1	1	1	1	1	1	1	1	1	1	1	1	1	1	1	1	1	1	1	1	1	1	1	1	1	1	1	1	1	1	1	1	1	1	1	1	1	1	1	1	1	1	1	1	1	1	1	1	1	1	1	1	1	1	1	1	1	1	1	1	1	1	1	1	1	1	1	1	1	1	1	1	1	1	1	1	2	2	2	2	2	2	2	2	2	2	2	2	2	2	2	2	2	2	2	2	2	2	2	2	2	2	2	2	2	2	2	2	2	2	2	2	2	2	2	2	2	2	2	2	2	2	2	2	2	2	2	2	2	2	2	2	2	2	2	2	2	2	2	2	2	2	2	2	2	2	2	2	2	2	2	2	2	2	2	2	2	2	2	2	2	2	2	2	2	2	2	2	2	2	2	2	2	2	2	2	2	2	2	2	2	2	2	2	2	2	2	2	2	2	2	2	2	2	2	2	2	2	2	2	2	2	2	2	2	2	2	2	2	2	2	2	2	2	2	2	2	2	2	2	2	2	2	2	2	2	2	2	2	2	2	2	2	2	2	2	2	2	2	2	2	2	2	2	2	2	2	2	2	2	2	2	2	2	2	2	2	2	2	2	2	2	2	2	2	2	2	2	2	2	2	2	2	2	2	2	2	2	2	2	2	2	2	2	2	2	2	2	2	2	2	2	2	2	2	2	2	2	2	2	2	2	2	2	2	2	2	2	2	2	2	2	2	2	2	2	2	2	2	2	2	2	2	2	2	2	2	2	2	2	2	2	2	2	2	2	2	2	2	2	2	2	2	2	2	2	2	2	2	2	2	2	2	2	2	2	2	2	2	2	2	2	2	2	2	2	2	2	2	2	2	2	2	2	2	2	2	2	2	2	2	2	2	2	2	2	2	2	2	2	2	2	2	2	2	2	2	2	2	2	2	2	2	2	2	2	2	2	2	2	2	2	2	2	2	2	2	2	2	2	2	2	2	2	2	2	2	2	2	2	2	2	2	2	2	2	2	2	2	2	2	2	2	2	2	2	2	2	2	2	2	2	2	2	2	2	2	2	2	2	2	2	2	2	2	2	2	2	2	2	2	2	2	2	2	2	2	2	2	2	2	2	2	2	2	2	2	2	2	2	2	2	2	2	2	2	2	2	2	2	2	2	2	2	2	2	2	2	2	2	2	2	2	2	2	2	2	2	2	2	2	2	2	2	2	2	2	2	2	2	2	2	2	2	2	2	2	2	2	2	2	2	2	2	2	2	2	2	2	2	2	2	2	2	2	2	2	2	2	2	2	2	2	2	2	2	2	2	2	2	2	2	2	2	2	2	2	2	2	2	2	2	2	2	2	2	2	2	2	2	2	2	2	2	2	2	2	2	2	2	2	2	2	2	2	2	2	2	2	2	2	2	2	2	2	2	2	2	2	2	2	2	2	2	2	2	2	2	2	2	2	2	2	2	2	2	2	2	2	2	2	2	2	2	2	2	2	2	2	2	2	2	2	2	2	2	2	2	2	2	2	2	2	2	2	2	2	2	2	2	2	2	2	2	2	2	2	2	2	2	2	2	2	2	2	2	2	2	2	2	2	2	2	2	2	2	2	2	2	2	2	2	2	2	2	2	2	2	2	2	2	2	2	2	2	2	2	2	2	2	2	2	2	2	2	2	2	2	2	2	2	2	2	2	2	2	2	2	2	2	2	2	2	2	2	2	2	2	2	2	2	2	2	2	2	2	2	2	2	2	2	2	2	2	2	2	2	2	2	2	2	2	2	2	2	2	2	2	2	2	2	2	2	2	2	2	2	2	2	2	2	2	2	2	2	2	2	2	2	2	2	2	2	2	2	2	2	2	2	2	2	2	2	2	2	2	2	2	2	2	2	2	2	2	2	2	2	2	2	2	2	2	2	2	2	2	2	2	2	2	2	2	2	2	2	2	2	2	2	2	2	2	2	2	2	2	2	2	2	2	2	2	2	2	2	2	2	2	2	2	2	2	2	2	2	2	2	2	2	2	2	2	2	2	2	2	2	2	2	2	2	2	2	2	2	2	2	2	2	2	2	2	2	2	2	2	2	2	2	2	2	2	2	2	2	2	2	2	2	2	2	2	2	2	2	2	2	2	2	2	2	2	2	2	2	2	2	2	2	2	2	2	2	2	2	2	2	2	2	2	2	2	2	2	2	2	2	2	2	2	2	2	2	2	2	2	2	2	2	2	2	2	2	2	2	2	2	2	2	2	2	2	2	2	2	2	2	2	2	2	2	2	2	2	2	2	2	2	2	2	2	2	2	2	2	2	2	2	2	2	2	2	2	2	2	2	2	2	2	2	2	2	2	2	2	2	2	2	2	2	2	2	2	2	2	2	2	2	2	2	2	2	2	2	2	2	2	2	2	2	2	2	2	2	2	2	2	2	2	2	2	2	2	2	2	2	2	2	2	2	2	2	2	2	2	2	2	2	2	2	2	2	2	2	2	2	2	2	2	2	2	2	2	2	2	2	2	2	2	2	2	2	2	2	2	2	2	2	2	2	2	2	2	2	2	2	2	2	2	2	2	2	2	2	2	2	2	2	2	2	2	2	2	2	2	2	2	2	2	2	2	2	2	2	2	2	2	2	2	2	2	2	2	2	2	2	2	2	2	2	2	2	2	2	2	2	2	2	2	2	2	2	2	2	2	2	2	2	2	2	2	2	2	2	2	2	2	2	2	2	2	2	2	2	2	2	2	2	2	2	2	2	2	2	2	2	2	2	2	2	2	2	2	2	2	2	2	2	2	2	2	2	2	2	2	2	2	2	2	2	2	2	2	2	2	2	2	2	2	2	2	2	2	2	2	2	2	2	2	2	2	2	2	2	2	2	2	2	2	2	2	2	2	2	2	2	2	2	2	2	2	2	2	2	2	2	2	2	2	2	2	2	2	2	2	2	2	2	2	2	2	2	2	2	2	2	2	2	2	2	2	2	2	2	2	2	2	2	2	2	2	2	2	2	2	2	2	2	2	2	2	2	2	2	2	2	2	2	2	2	2	2	2	2	2	2	2	2	2	2	2	2	2	2	2	2	2	2	2	2	2	2	2	2	2	2	2	2	2	2	2	2	2	2	2	2	2	2	2	2	2	2	2	2	2	2	2	2	2	2	2	2	2	2	2	2	2	2	2	2	2	2	2	2	2	2	2	2	2	2	2	2	2	2	2	2	2	2	2	2	2	2	2	2	2	2	2	2	2	2	2	2	2	2	2	2	2	2	2	2	2	2	2	2	2	2	2	2	2	2	2	2	2	2	2	2	2	2	2	2	2	2	2	2	2	2	2	2	2	2	2	2	2	2	2	2	2	2	2	2	2	2	2	2	2	2	2	2	2	2	2	2	2	2	2	2	2	2	2	2	2	2	2	2	2	2	2	2	2	2	2	2	2	2	2	2	2	2	2	2	2	2	2	2	2	2	2	2	2	2	2	2	2	2	2	2	2	2	2	2	2	2	2	2	2	2	2	2	2	2	2	2	2	2	2	2	2	2	2	2	2	2	2	2	2	2	2	2	2	2	2	2	2	2	2	2	2	2	2	2	2	2	2	2	2	2	2	2	2	2	2	2	2	2	2	2	2	2	2	2	2	2	2	2	2	2	2	2	2	2	2	2	2	2	2	2	2	2	2	2	2	2	2	2	2	2	2	2	2	2	2	2	2	2	2	2	2	2	2	2	2	2	2	2	2	2	2	2	2	2	2	2	2	2	2	2	2	2	2	2	2	2	2	2	2	2	2	2	2	2	2	2	2	2	2	2	2	2	2	2	2	2	2	2	2	2	2	2	2	2	2	2	2	2	2	2	2	2	2	2	2	2	2	2	2	2	2	2	2	2	2	2	2	2	2	2	2	2	2	2	2	2	2	2	2	2	2	2	2	2	2	2	2	2	2	2	2	2	2	2	2	2	2	2	2	2	2	2	2	2	2	2	2	2	2	2	2	2	2	2	2	2	2	2	2	2	2	2	2	2	2	2	2	2	2	2	2	2	2	2	2	2	2	2	2	2	2	2	2	2	2	2	2	2	2	2	2	2	2	2	2	2	2	2	2	2	2	2	2	2	2	2	2	2	2	2	2	2	2	2	2	2	2	2	2	2	2	2	2	2	2	2	2	2	2	2	2	2	2	2	2	2	2	2	2	2	2	2	2	2	2	2	2	2	2	2	2	2	2	2	2	2	2	2	2	2	2	2	2	2	2	2	2	2	2	2	2	2	2	2	2	2	2	2	2	2	2	2	2	2	2	2	2	2	2	2	2	2	2	2	2	2	2	2	2	2	2	2	2	2	2	2	2	2	2	2	2	2	2	2	2	2	2	2	2	2	2	2	2	2	2	2	2	2	2	2	2	2	2	2	2	2	2	2	2	2	2	2	2	2	2	2	2	2	2	2	2	2	2	2	2	2	2	2	2	2	2	2	2	2	2	2	2	2	2	2	2	2	2	2	2	2	2	2	2	2	2	2	2	2	2	2	2	2	2	2	2	2	2	2	2	2	2	2	2	2	2	2	2	2	2	2	2	2	2	2	2	2	2	2	2	2	2	2	2	2	2	2	2	2	2	2	2	2	2	2	2	2	2	2	2	2	2	2	2	2	2	2	2	2	2	2	2	2	2	2	2	2	2	2	2	2	2	2	2	2	2	2	2	2	2	2	2	2	2	2	2	2	2	2	2	2	2	2	2	2	2	2	2	2	2	2	2	2	2	2	2	2	2	2	2	2	2	2	2	2	2	2	2	2	2	2	2	2	2	2	2	2	2	2	2	2	2	2	2	2	2	2	2	2	2	2	2	2	2	2	2	2	2	2	2	2	2	2	2	2	2	2	2	2	2	2	2	2	2	2	2	2	2	2	2	2	2	2	2	2	2	2	2	2	2	2	2	2	2	2	2	2	2	2	2	2	2	2	2	2	2	2	2	2	2	2	2	2	2	2	2	2	2	2	2	2	2	2	2	2	2	2	2	2	2	2	2	2	2	2	2	2	2	2	2	2	2	2	2	2	2	2	2	2	2	2	2	2	2	2	2	2	2	2	2	2	2	2	2	2	2	2	2	2	2	2	2	2	2	2	2	2	2	2	2	2	2	2	2	2	2	2	2	2	2	2	2	2	2	2	2	2	2	2	2	2	2	2	2	2	2	2	2	2	2	2	2	2	2	2	2	2	2	2	2	2	2	2	2	2	2	2	2	2	2	2	2	2	2	2	2	2	2	2	2	2	2	2	2	2	2	2	2	2	2	2	2	2	2	2	2	2	2	2	2	2	2	2	2	2	2	2	2	2	2	2	2	2	2	2	2	2	3	3	3	3	3	3	3	3	3	3	3	3	3	3	3	3	3	3	3	3	3	3	3	3	3	3	3	3	3	3	3	3	3	3	3	3	3	3	3	3	3	3	3	3	3	3	3	3	3	3	3	3	3	3	3	3	3	3	3	3	3	3	3	3	3	3	3	3	3	3	3	3	3	3	3	3	3	3	3	3	3	3	3	3	3	3	3	3	3	3	3	3	3	3	3	3	3	3	3	3	3	3	3	3	3	3	3	3	3	3	3	3	3	3	3	3	3	3	3	3	3	3	3	3	3	3	3	3	3	3	3	3	3	3	3	3	3	3	3	3	3	3	3	3	3	3	3	3	3	3	3	3	3	3	3	3	3	3	3	3	3	3	3	3	3	3	3	3	3	3	3	3	3	3	3	3	3	3	3	3	3	3	3	3	3	3	3	3	3	3	3	3	3	3	3	3	3	3	3	3	3	3	3	3	3	3	3	3	3	3	3	3	3	3	3	3	3	3	3	3	3	3	3	3	3	3	3	3	3	3	3	3	3	3	3	3	3	3	3	3	3	3	3	3	3	3	3	3	3	3	3	3	3	3	3	3	3	3	3	3	3	3	3	3	3	3	3	3	3	3	3	3	3	3	3	3	3	3	3	3	3	3	3	3	3	3	3	3	3	3	3	3	3	3	3	3	3	3	3	3	3	3	3	3	3	3	3	3	3	3	3	3	3	3	3	3	3	3	3	3	3	3	3	3	3	3	3	3	3	3	3	3	3	3	3	3	3	3	3	3	3	3	3	3	3	3	3	3	3	3	3	3	3	3	3	3	3	3	3	3	3	3	3	3	3	3	3	3	3	3	3	3	3	3	3	3	3	3	3	3	3	3	3	3	3	3	3	3	3	3	3	3	3	3	3	3	3	3	3	3	3	3	3	3	3	3	3	3	3	3	3	3	3	3	3	3	3	3	3	3	3	3	3	3	3	3	3	3	3	3	3	3	3	3	3	3	3	3	3	3	3	3	3	3	3	3	3	3	3	3	3	3	3	3	3	3	3	3	3	3	3	3	3	3	3	3	3	3	3	3	3	3	3	3	3	3	3	3	3	3	3	3	3	3	3	3	3	3	3	3	3	3	3	3	3	3	3	3	3	3	3	3	3	3	3	3	3	3	3	3	3	3	3	3	3	3	3	3	3	3	3	3	3	3	3	3	3	3	3	3	3	3	3	3	3	3	3	3	3	3	3	3	3	3	3	3	3	3	3	3	3	3	3	3	3	3	3	3	3	3	3	3	3	3	3	3	3	3	3	3	3	3	3	3	3	3	3	3	3	3	3	3	3	3	3	3	3	3	3	3	3	3	3	3	3	3	3	3	3	3	3	3	3	3	3	3	3	3	3	3	3	3	3	3	3	3	3	3	3	3	3	3	3	3	3	3	3	3	3	3	3	3	3	3	3	3	3	3	3	3	3	3	3	3	3	3	3	3	3	3	3	3	3	3	3	3	3	3	3	3	3	3	3	3	3	3	3	3	3	3	3	3	3	3	3	3	3	3	3	3	3	3	3	3	3	3	3	3	3	3	3	3	3	3	3	3	3	3	3	3	3	3	3	3	3	3	3	3	3	3	3	3	3	3	3	3	3	3	3	3	3	3	3	3	3	3	3	3	3	3	3	3	3	3	3	3	3	3	3	3	3	3	3	3	3	3	3	3	3	3	3	3	3	3	3	3	3	3	3	3	3	3	3	3	3	3	3	3	3	3	3	3	3	3	3	3	3	3	3	3	3	3	3	3	3	3	3	3	3	3	3	3	3	3	3	3	3	3	3	3	3	3	3	3	3	3	3	3	3	3	3	3	3	3	3	3	3	3	3	3	3	3	3	3	3	3	3	3	3	3	3	3	3	3	3	3	3	3	3	3	3	3	3	3	3	3	3	3	3	3	3	3	3	3	3	3	3	3	3	3	3	3	3	3	3	3	3	3	3	3	3	3	3	3	3	3	3	3	3	3	3	3	3	3	3	3	3	3	3	3	3	3	3	3	3	3	3	3	3	3	3	3	3	3	3	3	3	3	3	3	3	3	3	3	3	3	3	3	3	3	3	3	3	3	3	3	3	3	3	3	3	3	3	3	3	3	3	3	3	3	3	3	3	3	3	3	3	3	3	3	3	3	3	3	3	3	3	3	3	3	3	3	3	3	3	3	3	3	3	3	3	3	3	3	3	3	3	3	3	3	3	3	3	3	3	3	3	3	3	3	3	3	3	3	3	3	3	3	3	3	3	3	3	3	3	3	3	3	3	3	3	3	3	3	3	3	3	3	3	3	3	3	3	3	3	3	3	3	3	3	3	3	3	3	3	3	3	3	3	3	3	3	3	3	3	3	3	3	3	3	3	3	3	3	3	3	3	3	3	3	3	3	3	3	3	3	3	3	3	3	3	3	3	3	4	4	4	4	4	4	4	4	4	4	4	4	4	4	4	4	4	4	4	4	4	4	4	4	4	4	4	4	4	4	4	4	4	4	4	4	4	4	4	4	4	4	4	4	4	4	4	4	4	4	4	4	4	4	4	4	4	4	4	4	4	4	4	4	4	4	4	4	4	4	4	4	4	4	4	4	4	4	4	4	4	4	4	4	4	4	4	4	4	4	4	4	4	4	4	4	4	4	4	4	4	4	4	4	4	4	4	4	4	4	4	4	4	4	4	4	4	4	4	4	4	4	4	4	4	4	4	4	4	4	4	4	4	4	4	4	4	4	4	4	4	4	4	4	4	4	4	4	4	4	4	4	4	4	4	4	4	4	4	4	4	4	4	4	4	4	4	4	4	4	4	4	4	4	4	4	4	4	4	4	4	4	4	4	4	4	4	4	4	4	4	4	4	4	4	4	4	4	4	4	4	4	4	4	4	4	4	4	4	4	4	4	4	4	4	4	4	4	4	4	4	4	4	4	4	4	4	4	4	4	4	4	4	4	4	4	4	4	4	4	4	4	4	4	4	4	4	4	4	4	4	4	4	4	4	4	4	4	4	4	4	4	4	4	4	4	4	4	4	4	4	4	4	4	4	4	4	4	4	4	4	4	4	4	4	4	4	4	4	4	4	4	4	4	4	4	4	4	4	4	4	4	4	4	4	4	4	4	4	4	4	4	4	4	4	4	4	4	4	4	4	4	4	4	4	4	4	4	4	4	4	4	4	4	4	4	4	4	4	4	4	4	4	4	4	4	4	4	4	4	4	4	4	4	4	4	4	4	4	4	4	4	4	4	4	4	4	4	4	4	4	4	4	4	4	4	4	4	4	4	4	4	4	4	4	4	4	4	4	4	4	4	4	4	4	4	4	4	4	4	4	4	4	4	4	4	4	4	4	4	4	4	4	4	4	4	4	4	4	4	4	4	4	4	4	4	4	4	4	4	4	4	4	4	4	4	4	4	4	4	4	4	4	4	4	4	4	4	4	4	4	4	4	4	4	4	4	4	4	4	4	4	4	4	4	4	4	4	4	4	4	4	4	4	4	4	4	4	4	4	4	4	4	4	4	4	4	4	4	4	4	4	4	4	4	4	4	4	4	4	4	4	4	4	4	4	4	4	4	4	4	4	4	4	4	4	4	4	4	4	4	4	4	4	4	4	4	4	4	4	4	4	4	4	4	5	5	5	5	5	5	5	5	5	5	5	5	5	5	5	5	5	5	5	5	5	5	5	5	5	5	5	5	5	5	5	5	5	5	5	5	5	5	5	5	5	5	5	5	5	5	5	5	5	5	5	5	5	5	5	5	5	5	5	5	5	5	5	5	5	5	5	5	5	5	5	5	5	5	5	5	5	5	5	5	5	5	5	5	5	5	5	5	5	5	5	5	5	5	5	5	5	5	5	5	5	5	5	5	5	5	5	5	5	5	5	5	5	5	5	5	5	5	5	5	5	5	5	5	5	5	5	5	5	5	5	5	5	5	5	5	5	5	5	5	5	5	5	5	5	5	5	5	5	5	5	5	5	5	5	5	5	5	5	5	5	5	5	5	5	5	5	5	5	5	5	5	5	5	5	5	5	5	5	5	5	5	5	5	5	5	5	5	5	5	5	5	5	5	5	5	5	5	5	5	5	5	5	5	5	5	5	5	5	5	5	5	5	5	5	5	5	5	5	5	5	5	5	5	5	5	5	5	5	5	5	5	5	5	5	5	5	5	5	5	5	5	5	5	5	5	5	5	5	5	5	5	5	5	5	5	5	5	5	5	5	5	5	5	5	5	5	5	5	5	5	5	5	5	5	5	5	5	5	5	5	5	5	5	5	5	5	5	5	5	5	5	5	5	5	5	5	5	5	5	6	6	6	6	6	6	6	6	6	6	6	6	6	6	6	6	6	6	6	6	6	6	6	6	6	6	6	6	6	6	6	6	6	6	6	6	6	6	6	6	6	6	6	6	6	6	6	6	6	6	6	6	6	6	6	6	6	6	6	6	6	6	6	6	6	6	6	6	6	6	6	6	6	6	6	6	6	6	6	6	6	6	6	6	6	6	6	6	6	6	6	6	6	6	6	6	6	6	6	6	6	6	6	6	6	6	6	6	6	6	6	6	6	6	6	6	6	6	6	6	6	6	6	6	6	6	6	6	6	6	6	6	6	6	6	6	6	6	6	6	6	6	6	6	6	6	6	6	6	6	6	6	6	6	6	6	6	6	6	6	6	6	6	6	6	6	6	6	6	6	6	6	6	6	6	6	6	6	6	6	6	6	6	6	6	6	6	6	6	6	6	6	6	6	6	6	6	6	6	7	7	7	7	7	7	7	7	7	7	7	7	7	7	7	7	7	7	7	7	7	7	7	7	7	7	7	7	7	7	7	7	7	7	7	7	7	7	7	7	7	7	7	7	7	7	7	7	7	7	7	7	7	7	7	7	7	7	7	7	7	7	7	7	7	7	7	7	7	7	7	7	7	7	7	7	7	7	7	7	7	7	7	7	7	7	7	7	7	7	7	7	7	7	7	7	7	7	7	7	7	7	7	7	7	7	7	7	7	8	8	8	8	8	8	8	8	8	8	8	8	8	8	8	8	8	8	8	8	8	8	8	8	8	8	8	8	8	8	8	8	8	8	8	8	8	8	8	8	8	8	8	8	8	8	8	8	8	8	8	8	8	8	8	8	8	8	8	8	8	8	8	8	8	8	8	8	8	8	8	8	8	8	8	8	8	8	8	8	8	8	8	8	8	9	9	9	9	9	9	9	9	9	9	9	9	9	9	9	9	9	9	9	9	9	9	9	9	9	9	9	9	9	9	9	9	9	9	9	9	9	9	9	9	9	9	9	9	9	9	9	9	9	9	9	9	9	9	9	9	9	9	9	9	9	9	9	9	9	10	10	10	10	10	10	10	10	10	10	10	10	10	10	10	10	10	10	10	10	10	10	10	10	10	10	10	10	10	10	10	10	10	10	10	10	10	10	11	11	11	11	11	11	11	11	11	11	11	11	11	11	11	11	11	11	11	11	11	11	11	11	11	11	11	11	11	11	11	11	11	11	11	11	11	11	11	11	11	11	11	11	11	11	11	11	12	12	12	12	12	12	12	12	12	12	12	12	12	12	12	12	12	12	12	12	12	12	12	12	12	12	12	12	12	12	12	12	12	13	13	13	13	13	13	13	13	13	13	13	13	13	13	13	13	13	13	13	13	13	13	14	14	14	14	14	14	14	14	14	14	14	14	14	14	14	15	15	15	15	15	15	15	15	16	16	16	16	16	16	16	16	16	16	16	16	17	17	17	17	17	17	17	17	17	17	17	17	18	18	18	18	18	18	18	18	19	19	19	19	19	20	20	20	20	20	20	20	21	21	22	22	23	23	23	23	23	23	24	24	26	26	26	26	26	27	27	28	28	29	29	30
LIST OF HOMONYMS: 2	2	2	2	2	2	2	3	2	3	2	6	2	10	3	4	4	2	2	3	1	2	1	3	2	2	2	2	2	4	2	4	2	1	2	2	2	4	2	2	1	1	2	3	2	2	2	3	3	1	1	2	2	2	5	2	2	4	3	2	2	1	3	1	18	1	3	2	2	4	1	2	3	3	13	2	3	4	2	2	1	11	2	4	7	2	2	4	1	2	1	2	2	2	5	2	4	2	2	1	21	4	2	3	2	2	1	9	4	3	3	3	2	7	12	3	2	2	2	2	3	2	2	3	3	2	2	4	1	11	2	3	1	2	3	2	4	1	2	4	2	2	1	2	2	7	3	2	2	2	3	3	2	6	1	2	3	1	1	9	2	5	4	2	29	2	2	1	5	2	2	2	2	2	2	2	2	2	3	2	2	2	6	2	4	2	3	11	2	8	1	6	2	2	5	2	2	1	8	3	2	3	3	8	2	2	3	6	2	4	2	2	2	2	2	2	1	2	1	1	2	6	1	2	2	2	2	5	2	2	3	2	6	2	3	2	3	2	2	3	2	2	2	2	3	2	3	3	2	2	2	4	2	3	5	6	1	2	3	3	2	2	4	2	2	3	2	2	3	3	2	3	6	2	1	2	1	4	3	2	2	2	2	6	4	2	13	1	2	2	2	2	5	3	2	8	3	5	2	1	1	6	3	3	2	2	2	2	24	6	19	1	11	4	2	7	3	2	3	1	2	1	5	10	2	3	3	9	1	1	2	1	2	2	6	4	4	3	2	2	2	4	2	1	2	2	2	9	2	4	2	2	1	2	2	2	1	1	3	3	4	2	2	3	9	3	2	2	9	18	2	2	3	8	2	3	2	2	3	3	3	2	1	2	2	15	1	2	1	2	2	3	2	2	3	3	1	2	2	1	4	2	2	2	1	2	2	3	2	2	2	2	2	2	2	2	1	2	3	4	2	2	3	3	2	8	5	1	8	2	2	3	3	2	2	2	2	2	1	2	2	4	6	2	1	2	6	6	8	2	2	1	1	3	2	2	2	8	4	2	2	2	4	5	3	2	4	2	3	2	2	11	2	3	2	3	2	2	2	2	2	2	1	2	2	2	3	3	2	3	3	4	2	2	3	1	2	2	3	5	2	6	5	2	4	2	3	2	2	3	3	3	4	2	2	2	2	2	5	2	2	2	10	2	2	5	20	2	2	9	2	3	12	4	4	3	2	2	4	3	3	2	2	3	4	5	4	6	3	14	6	6	3	4	4	3	3	6	3	2	2	2	3	2	2	4	2	2	2	3	4	2	3	2	11	2	2	2	3	3	2	4	2	4	4	2	5	8	4	2	4	7	2	3	2	2	6	2	3	3	3	4	3	1	1	1	2	4	6	2	3	2	2	4	2	5	2	2	3	2	3	3	3	3	3	2	3	9	4	2	2	5	4	5	15	2	12	3	2	4	9	2	2	3	5	2	2	2	5	3	5	6	4	2	2	3	8	2	2	2	3	6	5	2	4	3	2	2	3	12	2	2	2	2	8	2	2	2	2	2	3	2	4	2	20	4	4	4	2	11	2	4	4	4	2	4	2	2	3	3	3	3	3	5	2	2	3	2	2	4	2	2	4	3	2	2	2	3	4	2	2	3	2	3	3	2	3	7	2	5	2	2	5	2	2	2	2	3	2	2	4	2	2	2	4	2	3	3	5	11	2	5	12	3	9	2	1	1	1	1	2	3	2	6	2	2	5	3	4	2	2	12	4	4	4	3	4	2	2	6	5	3	17	2	1	2	2	3	2	2	2	3	3	4	2	3	2	3	3	2	7	6	14	3	5	3	3	4	3	2	2	3	2	3	5	2	2	8	4	2	2	4	4	2	6	3	4	20	3	2	3	4	3	2	3	2	2	2	2	3	2	2	3	5	3	2	4	3	4	2	2	12	3	2	2	4	3	2	5	2	2	2	2	2	10	2	2	6	2	3	2	2	2	4	2	2	2	2	6	2	2	6	2	3	2	2	3	2	2	2	3	5	3	3	17	2	3	3	2	6	6	2	5	2	2	3	2	9	2	6	1	1	1	1	1	4	2	2	5	2	3	16	6	3	4	5	2	2	2	13	2	2	7	3	7	2	3	3	3	17	2	2	3	2	2	3	7	7	4	3	4	2	1	2	3	10	2	3	2	14	6	3	5	4	4	6	3	2	2	3	2	4	3	2	3	2	8	2	2	2	4	4	3	2	2	2	7	2	2	2	2	4	2	6	2	2	5	2	4	2	9	2	2	2	8	6	12	2	2	2	3	4	2	6	3	2	3	2	2	2	7	2	5	10	3	10	7	2	7	3	6	2	4	5	4	2	2	4	2	4	3	8	4	3	3	6	6	2	6	4	2	7	2	7	2	2	8	3	2	2	2	2	9	3	2	1	1	1	1	1	1	3	3	2	12	8	2	1	4	2	3	11	16	5	2	3	3	2	2	8	2	4	2	2	3	2	2	2	2	2	2	4	4	2	2	3	2	3	3	3	2	5	14	5	5	3	2	2	2	16	2	2	7	2	4	2	2	3	2	2	2	4	3	2	4	2	4	4	2	2	3	4	2	3	11	3	2	2	11	3	3	2	3	2	2	2	2	2	3	8	5	3	4	5	2	3	3	2	8	2	2	3	2	3	7	4	2	2	13	3	2	17	4	2	6	3	11	1	2	6	4	2	6	10	2	3	2	3	3	5	27	28	9	3	5	2	6	4	3	4	2	3	5	4	2	4	2	4	2	4	2	1	1	1	1	1	1	1	2	2	7	2	3	8	6	3	3	2	3	3	3	4	7	5	3	2	2	2	6	3	4	3	2	2	2	2	3	2	2	4	12	2	2	3	2	11	2	7	2	3	3	2	2	2	4	17	3	2	3	2	6	2	2	2	2	6	2	6	2	2	3	2	5	5	2	3	5	3	6	2	3	3	5	2	2	2	4	2	2	2	2	5	4	2	4	7	12	10	4	2	8	4	2	2	2	3	2	2	4	3	2	4	4	4	3	3	2	2	2	3	2	2	6	9	3	4	3	6	3	2	2	12	3	2	9	2	8	8	4	2	3	2	2	2	4	5	2	3	2	5	2	7	9	3	3	2	3	4	1	1	1	1	1	1	1	1	7	4	2	2	3	2	6	5	3	2	9	2	2	2	4	14	3	4	2	6	17	2	2	2	2	11	4	3	7	2	2	2	2	2	3	3	28	2	3	2	2	10	2	2	2	7	3	3	2	7	2	4	3	3	5	3	5	2	20	3	2	3	2	3	3	2	2	15	2	2	2	4	2	3	2	2	4	2	2	3	10	2	3	2	13	2	20	3	8	2	2	2	4	2	2	2	3	3	2	4	2	2	2	2	3	2	2	3	3	2	2	2	2	3	3	2	2	3	3	5	2	5	2	3	2	2	3	23	6	2	2	2	2	2	3	14	13	12	5	2	5	7	3	2	5	3	2	2	3	2	1	1	1	1	1	1	1	1	2	2	3	2	2	4	3	9	5	2	2	2	2	3	2	2	2	2	3	3	6	3	3	7	2	2	3	2	9	2	16	3	3	4	3	3	3	2	5	4	2	2	3	2	2	5	2	3	3	2	2	2	2	3	3	2	2	2	3	2	3	2	2	2	3	3	3	2	14	6	3	4	8	3	7	2	2	4	13	2	5	2	5	2	5	3	3	2	3	4	5	9	3	5	2	4	4	9	2	2	2	2	4	6	6	2	4	2	2	3	3	8	6	2	2	2	3	2	3	2	22	2	4	6	2	2	2	7	7	2	3	2	3	3	4	3	2	2	2	2	3	3	4	5	3	3	4	4	3	2	1	1	1	1	1	1	1	1	2	2	3	8	6	2	2	2	2	3	3	2	3	3	4	2	2	2	4	3	4	7	9	3	2	6	2	4	3	2	4	2	2	2	2	3	2	3	11	2	2	2	5	4	4	2	5	3	4	2	2	4	2	4	2	3	2	3	2	6	2	2	3	2	2	2	2	2	3	2	5	2	2	7	2	8	2	4	3	2	9	2	5	17	2	2	8	6	4	2	5	2	5	4	6	2	4	3	6	2	2	2	4	3	2	2	2	3	1	2	4	5	4	4	4	2	2	5	2	3	9	3	4	2	2	3	4	5	3	2	10	2	6	5	2	3	2	3	3	2	2	5	2	2	2	5	2	5	2	3	1	1	1	1	1	1	1	1	1	4	2	2	3	3	10	3	4	7	2	4	4	3	5	2	3	2	2	2	2	4	3	3	4	3	2	3	2	2	3	2	12	19	5	3	2	2	4	3	3	4	5	2	2	2	4	2	3	4	2	4	2	5	8	2	3	3	3	4	2	3	7	3	2	2	2	2	7	2	3	2	2	2	2	6	2	4	2	2	7	2	2	2	4	3	2	2	4	4	6	3	2	2	8	5	3	2	2	10	2	2	3	2	3	3	3	3	13	3	3	2	4	3	2	5	2	3	3	2	6	2	5	6	6	2	5	3	3	2	3	6	6	6	2	2	4	2	2	3	4	3	7	2	2	3	2	3	2	4	2	1	1	1	1	1	1	1	1	1	1	10	3	5	2	2	3	4	3	5	6	4	4	3	5	12	5	2	5	2	3	5	6	2	2	2	4	2	6	2	2	2	2	7	2	2	2	1	4	2	3	2	5	3	2	9	3	2	3	3	5	2	4	2	2	2	2	2	19	2	2	2	3	2	7	3	2	2	6	4	3	9	2	3	24	3	2	2	2	3	3	3	2	11	4	2	3	4	2	3	4	2	3	2	3	2	8	2	2	2	2	2	4	3	2	3	3	5	7	5	4	2	3	3	2	2	4	4	5	2	2	4	2	3	5	3	2	2	2	2	3	2	2	2	2	10	1	8	2	3	3	7	4	4	2	2	2	2	4	2	3	1	1	1	1	1	1	1	1	1	1	2	2	4	2	2	2	2	2	3	3	2	2	3	4	2	6	3	2	2	2	3	2	3	2	2	2	4	6	2	5	3	2	13	5	7	4	3	2	2	3	6	3	2	2	3	3	2	3	2	3	4	3	5	3	5	5	3	3	5	2	2	2	2	2	2	6	2	2	4	3	6	2	8	5	2	4	3	6	2	4	5	2	2	2	9	2	2	2	2	9	2	2	3	7	5	2	3	2	2	3	2	6	3	4	2	2	3	2	2	3	10	3	4	3	2	2	8	3	2	7	2	3	5	2	2	2	10	7	3	7	4	3	2	4	3	6	2	2	6	2	2	8	2	2	2	2	2	3	2	10	1	1	1	1	1	1	1	1	1	1	3	2	3	18	6	6	2	3	3	3	2	5	2	2	2	3	3	5	4	2	2	2	2	2	7	3	2	2	5	4	3	2	2	2	4	4	2	3	2	5	2	9	3	3	3	6	4	2	2	2	3	11	2	2	9	8	2	2	3	4	2	3	3	6	2	9	2	8	2	2	2	2	11	9	3	2	2	3	6	8	2	3	2	12	4	5	2	3	2	2	2	2	2	3	4	2	2	6	3	3	2	3	2	2	2	2	9	2	2	2	3	2	2	6	3	3	2	4	2	3	2	5	3	2	3	3	5	13	5	7	3	5	3	10	2	3	9	3	2	3	3	4	4	4	2	2	4	2	6	4	1	1	1	1	1	1	1	1	1	1	3	2	2	2	4	3	2	2	3	10	2	2	3	18	2	2	3	2	2	3	2	5	6	3	2	3	5	3	2	15	2	2	2	3	2	3	2	2	4	3	6	5	3	2	2	2	6	2	8	4	10	5	3	3	3	2	3	5	2	3	3	3	4	3	3	8	3	3	3	2	2	4	2	6	4	2	2	2	3	2	8	11	3	11	5	2	2	2	4	3	2	2	2	16	2	5	5	5	4	2	2	4	3	2	6	2	2	20	3	26	3	4	4	2	12	12	3	3	2	2	2	5	4	3	3	8	6	11	2	2	2	3	7	6	3	3	2	3	2	2	4	6	4	2	2	2	2	3	3	8	1	1	1	1	1	1	1	1	1	1	2	3	5	2	2	2	3	3	2	2	3	3	3	2	2	2	2	2	4	2	2	3	2	2	3	4	5	4	3	2	2	3	11	2	2	11	3	20	3	3	2	2	2	2	2	3	3	4	5	2	2	7	2	2	7	2	3	5	7	2	4	2	2	6	2	8	5	3	2	1	6	2	3	2	2	2	2	2	3	11	4	2	2	2	2	3	6	3	2	2	2	2	5	2	6	5	2	4	3	6	8	8	2	9	9	2	6	2	2	2	11	2	2	3	6	18	4	14	2	2	2	2	2	2	2	2	2	3	2	2	4	2	3	2	3	2	2	2	3	2	3	2	5	3	2	4	2	2	2	2	1	1	1	1	1	1	1	1	1	1	6	2	2	6	4	3	2	5	2	2	7	2	6	3	4	5	2	3	2	3	2	3	2	4	2	2	2	2	30	2	10	2	2	4	2	3	1	2	2	5	2	2	2	8	4	4	3	11	2	2	2	7	2	7	5	2	2	4	3	4	3	3	5	3	4	3	6	3	2	2	3	4	4	2	2	9	2	5	2	2	3	2	2	9	3	4	2	2	4	2	2	2	2	4	10	2	5	2	2	3	2	2	17	2	6	2	3	2	2	2	2	4	9	4	3	2	2	3	2	2	2	7	5	2	2	2	8	2	6	2	2	4	5	2	2	3	4	4	3	6	4	2	4	3	3	3	2	4	2	3	1	1	1	1	1	1	1	1	1	1	2	3	27	3	8	3	2	2	3	6	17	2	3	3	3	3	11	3	2	3	2	2	2	2	3	3	3	12	2	4	2	5	2	3	4	5	2	2	2	2	2	2	2	2	11	11	3	2	4	2	2	4	7	2	5	2	7	2	6	5	5	2	2	2	10	2	3	2	2	3	2	16	2	2	3	4	4	16	2	6	9	2	4	2	2	8	2	4	5	2	2	3	2	2	2	2	2	2	6	7	2	3	2	2	2	2	3	2	2	3	2	3	2	3	2	5	8	6	2	3	23	4	2	3	4	2	2	6	3	4	6	2	2	2	4	2	2	4	2	13	5	4	2	4	2	3	2	2	4	3	1	1	1	1	1	1	1	1	1	1	3	2	3	2	2	4	2	4	3	2	2	2	5	4	2	2	2	2	2	3	3	3	4	3	3	3	19	2	2	3	2	2	3	2	2	4	5	17	2	2	4	9	2	2	2	2	4	2	2	4	2	2	2	1	26	3	2	2	6	2	2	2	17	5	2	2	3	2	2	2	2	2	3	3	3	4	2	12	3	2	7	9	3	8	2	4	2	2	2	4	3	5	4	2	2	3	3	4	2	3	2	2	4	2	2	3	3	4	2	2	4	2	3	4	2	4	5	3	4	2	2	5	3	2	2	4	4	3	5	2	2	5	2	2	5	3	4	2	2	2	2	5	2	2	3	2	8	3	4	2	1	1	1	1	1	1	1	1	1	1	2	2	11	2	2	8	5	2	2	3	2	6	4	2	2	2	2	5	5	2	5	2	2	3	4	2	2	3	3	3	9	4	2	1	7	2	10	2	4	2	5	3	4	9	2	2	4	4	4	2	2	4	7	10	2	7	2	6	2	2	7	2	2	8	2	2	2	3	3	2	2	4	3	2	5	3	5	2	2	2	2	3	2	2	16	2	2	4	5	2	2	3	3	9	6	5	6	3	3	3	7	13	2	5	3	2	6	4	2	2	4	4	12	2	2	4	3	3	2	3	5	3	8	2	5	2	4	4	3	2	2	2	22	3	5	2	4	2	2	3	6	2	2	2	3	4	6	2	16	9	1	1	1	1	1	1	1	1	1	1	2	2	2	2	3	6	6	12	2	3	4	2	10	3	2	3	2	5	4	3	3	3	5	3	5	3	3	2	6	9	5	3	5	2	2	2	5	3	2	5	4	3	4	6	3	3	2	3	2	2	3	2	5	2	23	4	2	3	2	2	3	2	4	2	6	3	2	5	4	6	2	4	2	7	2	2	2	8	5	11	3	7	2	7	3	5	2	4	3	8	2	2	2	5	5	2	3	2	2	2	2	2	3	4	2	14	4	2	2	2	3	11	2	7	2	2	4	2	2	2	4	12	6	2	2	2	8	5	5	4	6	2	2	2	4	7	2	3	3	5	3	3	3	2	4	3	2	2	3	5	1	1	1	1	1	1	1	1	1	1	5	7	9	2	2	2	2	3	3	2	2	3	4	2	5	2	4	7	3	4	5	2	2	4	7	4	2	5	2	4	3	4	3	2	4	12	2	4	2	10	4	2	3	12	3	4	3	8	2	3	14	2	2	2	2	5	2	2	2	2	3	18	2	2	8	5	2	3	2	3	2	2	3	2	3	2	2	2	2	4	3	2	3	2	6	2	2	2	2	2	4	2	2	3	2	2	2	2	13	2	3	3	5	3	3	2	2	2	2	2	2	3	3	2	4	2	3	2	2	3	2	8	2	2	3	3	2	2	2	3	13	2	6	2	3	2	5	4	3	23	7	3	2	5	2	2	2	2	2	7	1	1	1	1	1	1	1	1	1	1	2	2	2	2	1	3	2	2	6	4	13	13	4	2	4	2	12	2	2	2	3	2	2	4	2	11	7	2	3	2	3	2	3	3	3	11	2	7	2	3	2	7	2	6	3	3	2	2	2	2	12	3	3	4	2	4	2	5	2	2	2	6	2	2	3	2	2	2	2	3	2	2	6	3	2	2	3	3	6	5	2	2	2	3	4	3	3	5	5	2	3	7	2	2	2	2	2	4	2	3	2	2	8	6	5	3	3	4	4	7	1	3	2	4	2	6	8	3	2	2	2	2	6	2	2	2	2	3	15	4	3	4	2	3	2	2	2	5	2	2	3	2	4	2	3	4	4	5	3	2	1	1	1	1	1	1	1	1	1	1	2	2	3	4	9	3	2	2	2	2	2	2	1	4	6	4	9	2	3	2	2	4	2	2	4	2	2	6	3	2	4	3	8	2	6	2	2	2	5	5	3	2	3	3	2	2	2	13	2	2	2	2	2	2	2	4	6	2	2	6	2	8	4	4	2	2	3	16	2	2	2	2	2	2	8	2	2	2	2	2	2	9	7	2	1	2	2	13	2	4	3	3	2	2	2	4	2	2	3	3	2	3	8	2	8	4	2	3	2	11	5	9	11	2	3	2	2	2	3	7	6	2	3	2	3	2	6	2	2	2	6	4	2	3	3	11	2	2	3	2	3	2	2	2	5	3	7	2	2	3	1	1	1	1	1	1	1	1	1	1	2	2	2	4	2	2	3	2	2	2	7	2	2	3	3	2	2	1	2	2	2	2	4	2	4	2	2	3	7	4	3	5	5	2	5	3	6	2	4	3	6	5	2	8	4	2	2	2	3	2	6	2	3	2	7	3	14	2	2	2	6	7	2	18	3	4	2	6	2	4	2	5	3	6	2	2	2	5	2	3	2	4	2	3	4	5	2	2	5	3	4	2	3	2	10	2	2	2	2	2	2	5	4	2	4	2	2	4	2	2	2	3	11	2	2	2	3	4	4	3	2	4	2	2	3	3	11	2	2	2	2	2	2	4	2	2	2	3	3	3	5	2	4	4	2	4	2	5	4	7	1	1	1	1	1	1	1	1	1	1	2	2	3	2	8	2	2	2	2	2	4	4	2	2	5	5	3	2	13	2	5	3	3	6	2	2	3	7	4	3	2	2	3	3	3	2	4	3	2	3	2	3	2	2	3	2	7	11	4	2	2	4	3	2	3	4	2	6	5	5	2	2	2	3	3	2	2	4	10	2	2	3	7	3	4	15	2	5	3	2	12	3	2	4	2	2	4	2	2	2	15	3	3	2	4	5	2	2	3	2	2	6	2	2	4	5	3	3	3	9	2	2	2	2	2	9	16	3	2	8	2	2	3	3	4	2	2	3	2	2	3	2	2	2	2	3	2	4	3	3	2	5	2	2	2	2	2	3	3	4	1	1	1	1	1	1	1	1	1	1	2	3	2	23	2	2	3	3	2	3	6	1	4	2	7	5	6	2	2	3	2	2	2	5	7	1	2	4	6	3	2	2	2	12	7	3	2	2	2	5	2	13	2	3	3	2	4	3	3	3	4	7	2	2	11	2	2	2	5	2	3	14	2	3	4	2	2	2	2	2	3	3	2	8	1	2	5	4	2	2	2	4	2	6	12	6	2	5	3	2	8	4	3	3	5	3	3	2	5	3	3	2	3	7	2	5	2	2	8	12	3	4	4	2	2	6	5	3	2	6	2	3	2	2	3	3	3	2	4	12	3	6	8	3	2	5	4	3	2	3	6	3	4	2	4	4	4	4	2	2	1	1	1	1	1	1	1	1	1	1	2	2	3	8	5	3	18	2	3	4	2	2	3	4	3	2	5	3	2	4	2	3	15	2	5	2	2	2	2	3	11	3	3	2	4	2	2	4	3	2	2	2	2	3	2	2	4	2	3	3	5	2	2	3	3	2	3	2	4	2	2	2	2	3	2	2	26	3	3	3	2	5	5	2	2	2	5	2	4	3	2	2	3	6	2	2	13	2	3	2	2	2	3	3	4	2	3	7	3	4	9	2	2	3	12	2	14	2	2	2	3	3	8	3	2	4	4	3	3	6	5	9	6	2	2	3	5	3	2	2	2	9	4	2	3	2	2	4	2	4	2	4	13	3	2	2	3	3	10	3	1	1	1	1	1	1	1	1	1	1	4	6	7	5	2	2	2	2	3	2	2	3	3	4	3	4	2	4	14	2	2	2	2	5	3	2	2	2	2	3	5	2	2	4	3	2	9	3	11	2	2	5	2	11	8	4	3	2	2	2	2	5	2	3	4	5	2	2	3	2	9	3	3	4	4	2	2	7	8	2	4	3	3	4	3	3	5	9	2	3	3	4	3	2	2	3	4	8	4	2	5	2	2	4	2	2	4	7	5	6	2	3	4	2	5	4	2	4	2	2	3	19	2	3	2	3	3	3	5	2	4	2	29	5	2	3	3	5	2	4	6	2	4	3	2	2	3	26	2	5	3	4	3	2	5	3	5	9	2	3	1	1	1	1	1	1	1	1	1	1	2	2	4	2	2	2	3	7	5	5	2	6	3	4	3	3	2	2	2	6	5	3	10	10	5	3	3	3	3	2	4	4	2	6	2	2	4	2	2	4	3	2	5	2	10	3	3	2	11	2	2	3	3	2	2	2	4	3	2	5	10	3	2	2	4	3	3	2	2	2	5	4	2	3	2	2	2	2	2	3	2	2	3	2	2	9	3	3	4	5	2	4	2	6	2	6	3	2	2	5	4	7	2	2	4	2	3	5	6	2	2	3	3	2	16	3	2	7	3	3	3	3	2	3	3	2	2	2	2	2	2	3	6	7	4	2	2	26	3	2	2	2	2	2	3	2	2	2	3	11	1	1	1	1	1	1	1	1	1	1	4	3	3	3	3	11	3	3	3	2	3	3	2	2	4	2	2	3	2	5	3	2	2	2	4	2	3	2	7	3	2	4	2	2	2	2	8	2	2	5	4	3	2	5	2	2	2	3	2	4	2	3	2	3	3	14	2	11	2	2	2	2	2	3	2	4	1	2	7	2	2	2	3	3	4	5	6	3	3	3	2	2	2	2	3	2	3	5	23	4	2	2	3	4	6	3	2	17	3	21	2	3	5	2	3	10	3	9	3	10	2	1	2	1	2	2	2	3	2	2	2	2	2	2	2	2	3	2	2	2	3	2	9	2	2	3	2	2	2	5	3	5	2	2	2	5	2	3	6	2	1	1	1	1	1	1	1	1	1	1
ELAPSED TIME S: 4979.944
ELAPSED TIME M: 82.9990833333333
