HEURISTIC ELAPSED TIME: 3241.491
Parameters:
verbose => false
logfile => 
source => http://localhost:8890/sparql?default-graph-uri=http://nytimes.org
target => http://lod.openlinksw.com/sparql?default-graph-uri=http://dbpedia.org
class =>  <http://data.nytimes.com/elements/nytd_geo> 
append => a
format => txt
chunk => 150
topk => 0
offset => 0
stringthreshold => 0.7
usepivot => true
blocking => true
transitionupdate => false
globalrecall => true
aligner => HierarchicalClusterAligner
ranker => TimeBasedTransitionRanking
selector => DecisionTreeSelectionAlgorithm
searcher => BranchAndBound
learningpercent => 0.1
transitionfailurerate => 1.0
qconly => false
$shuffle
true
$orderbyclause

$orderby

LATEX & 15.01 & 56.72 & 23.74  & 5 & 1.37   & 3268.27
PAIR COMPLETENESS: 0.5671875
RECALL: 0.511458333333333
PRECISON: 0.927289896128423
FMEASURE: 0.659281638133602
FOUND INSTANCES: 1883
NUMBER QUERIES: 2624
RATIO NUMBER QUERIES / INSTANCES: 1.36666666666667
RATIO QUERIES/POSITIVES: 0.850990853658537
RATIO QUERIES/NEGATIVES: 0.149009146341463
NUMBER HOMONYMS: 12543
RATIO HOMONYMS/INSTANCES: 6.66117896972915
INSTANCES / HOMONYMS RATIO: 0.150123574902336
SORTED LIST OF HOMONYMS: 1	1	1	1	1	1	1	1	1	1	1	1	1	1	1	1	1	1	1	1	1	1	1	1	1	1	1	1	1	1	1	1	1	1	1	1	1	1	1	1	1	1	1	1	1	1	1	1	1	1	1	1	1	1	1	1	1	1	1	1	1	1	1	1	1	1	1	1	1	1	1	1	1	1	1	1	1	1	1	1	1	1	1	1	1	1	1	1	1	1	1	1	1	1	1	1	1	1	1	1	1	1	1	1	1	1	1	1	1	1	1	1	1	1	1	1	1	1	1	1	1	1	1	1	1	1	1	1	1	1	1	1	1	1	1	1	1	1	1	1	1	1	1	1	1	1	1	1	1	1	1	1	1	1	1	1	1	1	1	1	1	1	1	1	1	1	1	1	1	1	1	1	1	1	1	1	1	1	1	1	1	1	1	1	1	2	2	2	2	2	2	2	2	2	2	2	2	2	2	2	2	2	2	2	2	2	2	2	2	2	2	2	2	2	2	2	2	2	2	2	2	2	2	2	2	2	2	2	2	2	2	2	2	2	2	2	2	2	2	2	2	2	2	2	2	2	2	2	2	2	2	2	2	2	2	2	2	2	2	2	2	2	2	2	2	2	2	2	2	2	2	2	2	2	2	2	2	2	2	2	2	2	2	2	2	2	2	2	2	2	2	2	2	2	2	2	2	2	2	2	2	2	2	2	2	2	2	2	2	2	2	2	2	2	2	2	2	2	2	2	2	2	2	2	2	2	2	2	2	2	2	2	2	2	2	2	2	2	2	2	2	2	2	2	2	2	2	2	2	2	2	2	2	2	2	2	2	2	2	2	2	2	2	2	2	2	2	2	2	2	2	2	2	2	2	2	2	2	2	2	2	2	2	2	2	2	2	2	2	2	2	2	2	2	2	2	2	2	2	2	2	2	2	2	2	2	2	2	2	2	2	2	2	2	2	2	2	2	2	2	2	2	2	2	2	2	2	2	2	2	2	2	2	2	2	2	2	2	2	2	2	2	2	2	2	2	2	2	2	2	2	2	2	2	2	2	2	2	2	2	2	2	2	2	2	2	2	2	2	2	2	2	2	2	2	2	2	2	2	2	2	2	2	2	2	2	2	2	2	2	2	2	2	2	2	2	2	2	2	2	2	2	2	2	2	2	2	2	2	2	2	2	2	2	2	2	2	2	2	2	2	2	2	2	2	2	2	2	2	2	2	2	2	2	2	2	2	2	2	2	2	2	2	2	2	2	2	2	2	2	2	2	2	2	2	2	2	2	2	2	2	2	2	2	2	2	2	2	2	2	2	2	2	2	2	2	2	2	2	2	2	2	2	2	2	2	2	2	2	2	2	2	3	3	3	3	3	3	3	3	3	3	3	3	3	3	3	3	3	3	3	3	3	3	3	3	3	3	3	3	3	3	3	3	3	3	3	3	3	3	3	3	3	3	3	3	3	3	3	3	3	3	3	3	3	3	3	3	3	3	3	3	3	3	3	3	3	3	3	3	3	3	3	3	3	3	3	3	3	3	3	3	3	3	3	3	3	3	3	3	3	3	3	3	3	3	3	3	3	3	3	3	3	3	3	3	3	3	3	3	3	3	3	3	3	3	3	3	3	3	3	3	3	3	3	3	3	3	3	3	3	3	3	3	3	3	3	3	3	3	3	3	3	3	3	3	3	3	3	3	3	3	3	3	3	3	3	3	3	3	3	3	3	3	3	3	3	3	3	3	3	3	3	3	3	3	3	3	3	3	3	3	3	3	3	3	3	3	3	3	3	3	3	3	3	3	3	3	3	3	3	3	3	3	3	3	3	3	3	3	3	3	3	3	3	3	3	3	3	3	3	3	3	3	3	3	3	3	3	3	3	3	3	3	3	3	3	3	3	3	3	3	3	3	3	3	3	3	3	3	3	3	3	3	3	3	3	3	3	3	3	3	3	3	3	3	3	3	3	3	3	3	3	3	3	3	3	3	3	3	3	3	3	3	3	3	3	3	3	3	3	3	3	3	3	3	3	3	3	3	3	3	3	3	3	3	3	3	3	3	3	3	3	3	3	3	3	3	3	3	3	3	3	3	3	3	3	3	3	3	3	3	3	3	3	3	3	3	3	3	3	3	3	3	3	3	3	3	3	3	3	3	3	3	3	3	3	3	3	4	4	4	4	4	4	4	4	4	4	4	4	4	4	4	4	4	4	4	4	4	4	4	4	4	4	4	4	4	4	4	4	4	4	4	4	4	4	4	4	4	4	4	4	4	4	4	4	4	4	4	4	4	4	4	4	4	4	4	4	4	4	4	4	4	4	4	4	4	4	4	4	4	4	4	4	4	4	4	4	4	4	4	4	4	4	4	4	4	4	4	4	4	4	4	4	4	4	4	4	4	4	4	4	4	4	4	4	4	4	4	4	4	4	4	4	4	4	4	4	4	4	4	4	4	4	4	4	4	4	4	4	4	4	4	4	4	4	4	4	4	4	4	4	4	4	4	4	4	4	4	4	4	4	4	4	4	4	4	4	4	4	4	4	4	4	4	4	4	4	4	4	4	4	4	4	4	4	4	4	4	4	4	4	4	4	4	4	4	4	4	4	4	4	4	4	4	4	4	4	4	4	4	4	4	4	4	4	4	4	4	4	4	4	5	5	5	5	5	5	5	5	5	5	5	5	5	5	5	5	5	5	5	5	5	5	5	5	5	5	5	5	5	5	5	5	5	5	5	5	5	5	5	5	5	5	5	5	5	5	5	5	5	5	5	5	5	5	5	5	5	5	5	5	5	5	5	5	5	5	5	5	5	5	5	5	5	5	5	5	5	5	5	5	5	5	5	5	5	5	5	5	5	5	5	5	5	5	5	5	5	5	5	5	5	5	5	5	5	5	5	5	5	5	5	5	5	5	5	5	5	5	5	5	5	5	5	5	5	5	5	5	5	5	5	5	5	5	5	5	5	6	6	6	6	6	6	6	6	6	6	6	6	6	6	6	6	6	6	6	6	6	6	6	6	6	6	6	6	6	6	6	6	6	6	6	6	6	6	6	6	6	6	6	6	6	6	6	6	6	6	6	6	6	6	6	6	6	6	6	6	6	6	6	6	6	6	6	6	6	6	6	6	6	6	6	6	6	6	6	6	6	6	6	6	6	6	6	6	6	6	6	6	6	6	6	6	6	6	6	6	6	7	7	7	7	7	7	7	7	7	7	7	7	7	7	7	7	7	7	7	7	7	7	7	7	7	7	7	7	7	7	7	7	7	7	7	7	7	7	7	7	7	7	7	7	7	7	7	7	7	7	7	7	7	7	7	7	7	7	7	7	7	7	7	7	7	7	7	8	8	8	8	8	8	8	8	8	8	8	8	8	8	8	8	8	8	8	8	8	8	8	8	8	8	8	8	8	8	8	8	8	8	8	8	8	8	8	8	8	8	8	8	8	8	8	8	8	8	8	8	8	8	8	8	8	8	8	9	9	9	9	9	9	9	9	9	9	9	9	9	9	9	9	9	9	9	9	9	9	9	9	9	9	9	9	9	9	9	9	9	9	10	10	10	10	10	10	10	10	10	10	10	10	10	10	10	10	10	10	10	10	10	10	10	10	10	10	10	10	10	10	10	10	10	10	10	10	10	10	10	10	10	10	11	11	11	11	11	11	11	11	11	11	11	11	11	11	11	11	11	11	11	11	11	11	11	11	11	11	11	11	11	11	11	11	11	11	11	11	11	11	11	11	12	12	12	12	12	12	12	12	12	12	12	12	12	12	12	12	12	12	12	12	12	12	12	12	12	12	12	12	12	12	12	13	13	13	13	13	13	13	13	13	13	13	13	13	13	13	13	13	13	13	13	13	13	14	14	14	14	14	14	14	14	14	14	14	14	14	14	14	14	14	15	15	15	15	15	15	15	15	15	15	15	15	15	15	15	15	15	15	15	15	15	15	15	15	15	15	15	15	16	16	16	16	16	16	16	16	16	16	16	16	16	16	16	16	16	16	16	16	16	16	17	17	17	17	17	17	17	17	17	17	17	17	17	17	17	17	17	17	17	17	17	17	17	17	17	18	18	18	18	18	18	18	18	18	18	18	19	19	19	19	19	19	19	19	19	19	19	19	20	20	20	20	20	20	20	20	21	21	21	21	21	21	21	21	21	22	22	22	22	22	23	23	23	23	23	23	23	23	24	24	24	24	24	24	25	25	25	25	25	25	25	25	25	26	26	26	26	26	26	26	27	27	27	27	27	27	27	27	27	28	28	28	28	28	28	29	29	29	29	29	30	30	30	30	30	30	30	30	30	30	30	30	30	30	30	30	30	30	30	30	30	30	30	30	30	30	30	30	30	30	30	30	30	30	30	30	30	30	30	30	30	30	30	30	30	30	30	30	30	30	30	30	30	30	30	30	30	30	30	30	30	30	30	30	30
LIST OF HOMONYMS: 16	2	2	19	5	3	5	3	5	2	2	30	11	3	4	4	10	16	2	6	1	5	4	4	2	5	4	10	8	3	8	8	6	2	2	4	2	2	4	3	12	4	5	2	9	5	4	3	1	1	3	4	3	3	3	14	3	4	30	2	3	4	14	2	11	3	3	1	18	3	1	1	3	5	3	3	1	1	12	3	4	10	1	1	2	11	6	20	1	3	20	1	1	1	5	3	3	3	5	4	18	2	3	21	2	8	8	5	5	4	3	6	2	2	12	4	6	17	3	3	1	4	1	4	22	2	1	2	3	30	30	3	3	9	3	1	30	5	3	17	11	4	3	22	5	6	2	3	1	3	4	5	2	2	6	2	10	2	6	8	4	15	1	3	8	7	4	3	12	4	5	6	1	27	9	10	2	30	5	4	14	3	5	4	1	2	9	8	9	16	28	8	3	10	8	3	17	3	3	19	2	3	3	3	11	2	5	5	4	2	2	2	30	26	6	2	3	5	5	2	4	17	4	2	10	2	2	3	4	5	17	3	5	6	2	3	26	4	7	5	3	14	1	2	17	30	4	11	1	30	3	3	2	9	5	1	8	3	3	4	4	6	2	6	3	2	9	8	1	9	7	5	15	4	15	3	2	4	4	2	9	2	5	6	5	2	1	14	29	2	5	4	10	6	3	6	2	17	2	5	1	30	3	17	3	2	5	3	1	8	3	4	30	4	2	16	13	3	2	4	2	4	4	2	2	2	4	4	7	3	11	3	8	3	23	3	2	18	4	4	6	3	2	6	1	7	4	5	2	8	6	4	2	3	6	3	7	2	3	27	4	30	3	2	6	19	2	2	13	4	2	19	2	3	2	4	15	4	5	5	8	2	6	7	2	4	5	2	3	8	6	2	3	3	2	2	4	2	3	7	1	11	6	1	30	8	12	2	4	2	2	1	3	24	8	2	15	2	2	1	8	30	2	3	12	4	5	5	8	30	7	2	3	12	2	2	2	6	3	5	9	2	5	15	2	2	15	2	2	1	2	1	1	3	2	2	7	7	3	3	12	3	30	7	3	3	2	3	18	4	1	19	7	2	3	2	4	2	1	10	2	3	3	2	8	5	3	13	14	2	17	3	1	1	30	2	18	3	4	5	2	19	3	2	8	1	3	5	2	7	5	2	6	2	9	4	2	9	2	2	4	30	5	9	2	1	3	2	18	2	2	8	15	2	4	3	30	30	2	1	3	13	7	11	3	2	17	6	4	6	7	30	3	2	7	23	10	4	3	3	3	1	3	15	3	6	3	8	2	2	2	3	4	2	2	14	2	4	2	25	4	14	5	11	8	3	2	5	5	4	2	3	25	2	3	2	4	17	3	10	2	3	2	1	1	1	2	2	6	2	4	12	4	5	2	2	3	17	2	3	2	5	2	3	30	6	8	1	3	17	5	10	3	3	5	2	3	2	7	2	2	4	2	4	2	8	4	9	1	3	2	15	25	1	4	2	2	19	13	3	6	1	3	15	7	30	3	7	5	5	3	3	2	4	2	1	1	1	5	2	2	2	11	3	5	2	4	18	13	2	4	17	3	2	2	16	13	2	5	11	3	2	16	30	30	3	11	3	3	2	11	17	6	3	7	3	3	6	2	3	1	3	3	2	4	4	5	10	3	10	3	7	3	4	17	12	9	20	2	4	3	2	2	5	26	2	4	8	4	2	3	6	1	3	5	5	1	1	1	16	1	30	16	10	3	4	4	8	3	6	2	5	4	7	2	30	6	1	30	4	4	2	12	2	9	3	12	12	3	30	2	5	30	9	6	4	10	17	3	30	1	2	4	3	13	4	2	7	1	3	3	3	2	13	13	10	3	5	6	2	3	2	2	2	2	3	3	2	6	4	9	12	2	20	11	3	2	3	6	7	3	11	2	1	13	3	2	10	3	22	7	18	27	3	5	12	6	5	4	3	2	4	1	4	3	1	4	3	2	30	17	8	3	4	10	2	3	12	4	7	4	3	3	21	15	2	10	5	3	3	3	2	6	1	29	2	8	2	8	3	2	8	2	5	7	2	3	8	5	1	1	1	1	7	4	2	20	11	5	16	3	5	9	2	18	1	11	10	4	2	8	2	28	4	7	5	1	7	2	4	4	1	5	2	1	1	28	3	4	1	3	2	2	1	30	10	2	2	2	2	30	3	16	2	3	30	2	2	3	24	6	15	4	6	2	7	2	1	2	7	5	4	3	15	2	11	13	2	1	27	4	5	4	25	11	4	1	16	5	10	7	2	2	3	6	21	9	7	4	8	1	20	5	2	2	2	2	3	3	3	20	3	27	25	2	3	6	1	2	17	4	3	15	5	11	2	3	3	1	3	30	1	27	4	3	7	29	3	5	3	5	5	5	16	3	3	3	2	7	2	3	4	5	1	1	1	1	1	3	30	3	2	2	5	2	3	1	6	6	5	2	2	1	2	6	2	15	1	3	4	3	2	2	3	2	4	23	2	19	3	5	5	4	5	1	2	6	1	6	2	5	3	30	5	2	7	2	30	5	2	2	6	7	6	2	30	11	2	11	1	7	27	1	4	2	4	5	5	12	2	3	3	19	4	7	14	30	7	2	2	3	4	2	4	2	1	5	5	2	1	3	2	16	2	4	30	4	2	16	3	2	10	3	3	4	12	3	4	2	4	8	5	2	14	2	2	4	7	16	4	15	3	3	4	3	2	30	9	1	10	4	30	11	4	16	2	20	5	3	4	1	6	30	2	17	2	6	10	1	1	1	1	1	1	10	2	3	4	2	2	2	3	27	4	9	3	2	14	2	3	2	2	3	3	1	2	2	9	2	3	2	2	3	2	17	13	15	3	8	27	2	5	3	7	21	3	1	6	30	10	2	2	3	7	2	2	6	2	25	13	4	12	3	15	10	5	3	6	11	8	4	12	8	15	10	2	18	1	17	3	6	2	4	3	17	11	30	3	9	2	5	5	2	4	2	24	3	4	10	11	13	3	3	3	12	2	9	6	3	10	3	2	10	3	2	3	3	1	6	16	10	2	30	4	30	3	3	3	10	10	4	3	4	7	12	3	6	6	2	4	2	3	6	6	1	21	2	3	4	16	1	4	24	6	1	1	1	1	1	1	1	3	2	2	13	2	3	11	23	1	12	11	8	9	11	4	6	14	3	5	2	2	4	2	4	4	4	4	1	4	3	5	2	6	6	6	9	3	30	3	4	5	5	4	5	3	4	23	6	14	2	3	5	2	4	6	2	3	3	30	7	2	2	6	6	15	30	8	5	3	2	10	8	1	4	2	3	9	5	3	3	4	30	2	2	3	4	11	4	1	15	13	5	2	6	2	14	2	3	2	2	16	23	3	10	24	2	2	1	3	3	4	26	7	19	4	3	4	3	7	3	7	25	5	2	3	2	2	2	11	2	2	6	5	3	4	3	3	30	2	8	4	3	5	2	3	2	5	3	6	15	1	1	1	1	1	1	1	1	4	3	3	30	2	1	4	2	30	22	3	11	2	3	4	30	3	2	2	2	2	6	2	12	8	30	1	2	2	28	14	6	4	8	6	4	5	1	1	4	3	1	11	1	3	3	5	4	3	10	3	2	21	3	3	4	4	2	2	2	1	1	5	6	3	3	24	2	4	7	9	2	5	3	3	2	6	2	2	2	12	4	3	3	8	4	5	2	3	3	2	21	29	2	26	12	30	2	23	6	7	13	2	3	4	2	5	1	2	3	9	6	3	1	7	11	3	26	9	15	3	30	13	3	2	2	3	3	7	2	3	2	6	4	4	2	6	5	1	2	3	3	8	9	3	2	5	14	1	2	1	1	1	1	1	1	1	1	2	2	7	8	4	1	3	4	2	3	3	4	5	2	28	12	2	2	4	6	3	3	4	6	30	5	3	10	15	4	1	6	4	4	7	6	5	4	3	5	2	2	2	1	2	2	4	28	6	2	3	3	8	4	6	7	9	8	4	1	6	2	30	2	4	6	5	4	3	3	4	16	3	2	5	2	15	6	8	8	12	7	11	3	15	5	1	25	4	3	3	1	2	2	3	3	3	4	3	3	1	8	4	4	3	2	5	1	2	2	4	4	2	17	2	3	5	10	3	2	3	3	19	4	18	3	3	2	3	23	5	21	3	5	5	22	3	11	4	8	2	3	4	25	2	7	13	30	4	8	1	1	1	1	1	1	1	1	1	2	3	2	1	4	8	11	9	7	5	2	3	2	2	7	30	16	8	30	2	2	2	2	10	13	16	3	3	6	3	2	11	4	7	14	4	7	17	2	3	7	5	6	19	3	15	2	1	5	1	6	7	6	12	21	2	3	3	12	2	2	7	11	29	1	4	2	7	4	26	3	6	1	3	3	13	2	3	3	2	12	4	4	1	1	1	1	1	1	1	1	1
ELAPSED TIME S: 3268.271
ELAPSED TIME M: 54.4711833333333
