HEURISTIC ELAPSED TIME: 693.187
Parameters:
verbose => false
logfile => 
source => http://localhost:8891/sparql?default-graph-uri=http://sider.org
target => http://localhost:8891/sparql?default-graph-uri=http://dailymed.org
class =>  <http://www4.wiwiss.fu-berlin.de/sider/resource/sider/drugs> 
append => a
format => txt
chunk => 150
topk => 0
offset => 0
stringthreshold => 0.7
usepivot => true
blocking => true
transitionupdate => false
globalrecall => true
aligner => HierarchicalClusterAligner
ranker => TimeBasedTransitionRanking
selector => DecisionTreeSelectionAlgorithm
searcher => BranchAndBound
learningpercent => 0.2
transitionfailurerate => 1.0
qconly => false
$shuffle
true
$orderbyclause

$orderby

LATEX & 26.43 & 78.08 & 39.5  & 35 & 8.89   & 801.42
PAIR COMPLETENESS: 0.780771586037967
RECALL: 0.54990814451929
PRECISON: 0.724778046811945
FMEASURE: 0.625348189415042
FOUND INSTANCES: 839
NUMBER QUERIES: 8218
RATIO NUMBER QUERIES / INSTANCES: 8.89393939393939
RATIO QUERIES/POSITIVES: 0.333292771963981
RATIO QUERIES/NEGATIVES: 0.666707228036018
NUMBER HOMONYMS: 3174
RATIO HOMONYMS/INSTANCES: 3.78307508939213
INSTANCES / HOMONYMS RATIO: 0.264335223692502
SORTED LIST OF HOMONYMS: 1	1	1	1	1	1	1	1	1	1	1	1	1	1	1	1	1	1	1	1	1	1	1	1	1	1	1	1	1	1	1	1	1	1	1	1	1	1	1	1	1	1	1	1	1	1	1	1	1	1	1	1	1	1	1	1	1	1	1	1	1	1	1	1	1	1	1	1	1	1	1	1	1	1	1	1	1	1	1	1	1	1	1	1	1	1	1	1	1	1	1	1	1	1	1	1	1	1	1	1	1	2	2	2	2	2	2	2	2	2	2	2	2	2	2	2	2	2	2	2	2	2	2	2	2	2	2	2	2	2	2	2	2	2	2	2	2	2	2	2	2	2	2	2	2	2	2	2	2	2	2	2	2	2	2	2	2	2	2	2	2	2	2	2	2	2	2	2	2	2	2	2	2	2	2	2	2	2	2	2	2	2	2	2	2	2	2	2	2	2	2	2	2	2	2	2	2	2	2	2	2	2	2	2	2	2	2	2	2	2	2	2	2	2	2	2	2	2	2	2	2	2	2	2	2	2	2	2	2	2	2	2	2	2	2	2	2	2	2	2	2	2	2	2	2	2	2	2	2	2	2	2	2	2	2	2	2	2	2	2	2	2	2	2	2	2	2	2	2	2	2	2	2	2	2	2	2	2	2	2	2	2	2	2	2	2	2	2	2	2	2	2	2	2	2	2	2	2	2	2	2	2	2	2	2	2	2	2	2	2	2	2	2	2	2	2	2	2	2	2	2	2	2	2	2	2	2	2	2	2	2	2	2	2	2	2	2	2	2	2	2	2	2	2	2	2	2	2	2	2	2	2	2	2	2	2	2	2	2	2	2	2	2	2	2	2	2	2	2	2	2	2	2	2	2	2	2	2	2	2	2	2	2	2	2	2	2	2	2	2	2	2	2	2	2	2	2	2	2	2	2	2	2	2	2	2	2	2	2	2	2	2	2	2	2	2	2	2	2	2	2	2	2	2	2	2	2	2	2	2	2	2	2	2	2	2	2	2	2	2	2	2	2	2	2	2	2	2	2	3	3	3	3	3	3	3	3	3	3	3	3	3	3	3	3	3	3	3	3	3	3	3	3	3	3	3	3	3	3	3	3	3	3	3	3	3	3	3	3	3	3	3	3	3	3	3	3	3	3	3	3	3	3	3	3	3	3	3	3	3	3	3	3	3	3	3	3	3	3	3	3	3	3	3	3	3	3	3	3	3	3	3	3	3	3	3	3	3	3	3	3	3	3	3	3	3	3	3	3	3	3	3	3	3	3	3	3	3	3	3	3	3	3	3	3	3	3	3	3	3	3	3	3	3	3	3	3	3	3	3	3	3	3	3	3	3	3	3	3	4	4	4	4	4	4	4	4	4	4	4	4	4	4	4	4	4	4	4	4	4	4	4	4	4	4	4	4	4	4	4	4	4	4	4	4	4	4	4	4	4	4	4	4	4	4	4	4	4	4	4	4	4	4	4	4	4	4	4	4	4	4	4	4	4	4	4	4	4	4	4	4	4	4	4	4	4	5	5	5	5	5	5	5	5	5	5	5	5	5	5	5	5	5	5	5	5	5	5	5	5	5	5	5	5	5	5	5	5	5	5	5	5	5	5	5	5	5	5	5	5	6	6	6	6	6	6	6	6	6	6	6	6	6	6	6	6	6	6	6	6	6	6	6	6	6	6	6	6	6	6	6	7	7	7	7	7	7	7	7	7	7	7	7	7	7	7	7	7	7	7	7	7	7	7	7	7	7	7	8	8	8	8	8	8	8	8	8	8	8	8	8	8	9	9	9	9	9	9	9	9	9	9	9	9	9	9	9	9	9	10	10	10	10	10	10	10	10	11	11	11	11	11	11	11	11	11	12	12	12	12	12	12	12	12	12	12	12	13	13	13	14	14	14	14	14	14	15	15	15	18	18	18	18	18	19	20	20	20	21	22	23	25	25	25
LIST OF HOMONYMS: 4	2	2	3	1	2	2	2	4	2	3	1	2	2	3	7	1	2	7	1	1	1	2	2	4	2	1	6	1	1	3	4	2	2	3	2	11	1	1	1	1	3	2	2	1	3	2	3	2	2	3	2	2	2	2	1	2	3	12	2	2	2	3	2	2	2	2	2	2	2	1	2	2	2	3	2	2	5	1	3	2	2	2	1	2	2	2	2	2	1	4	3	2	5	2	2	1	2	3	2	2	4	2	6	2	4	2	5	2	2	7	4	2	2	6	3	2	2	2	2	2	2	2	3	15	2	5	3	2	3	5	2	4	4	3	2	2	2	2	2	1	3	2	2	2	1	2	2	2	2	2	2	4	2	2	4	2	5	2	2	2	5	5	3	8	2	1	2	2	2	4	8	2	14	4	3	2	2	2	4	4	2	2	3	6	2	3	2	14	3	2	3	6	5	13	2	20	5	4	4	9	1	2	1	6	2	2	3	2	3	2	10	6	1	5	2	4	2	2	7	3	10	2	5	5	4	6	3	3	15	5	2	4	8	11	2	3	3	3	2	3	3	4	7	3	6	3	5	12	3	1	9	1	14	2	3	1	5	3	6	3	2	3	2	2	2	7	6	1	20	18	4	3	3	12	3	10	2	1	2	2	3	2	1	1	2	2	2	2	3	4	1	3	4	1	6	1	2	1	1	1	2	2	2	1	1	1	23	4	2	7	2	2	2	2	1	1	3	2	2	2	1	5	2	2	3	2	2	2	1	5	3	2	3	11	2	4	2	1	2	2	2	1	2	6	1	1	1	3	1	2	2	1	4	13	2	2	2	2	2	1	1	3	2	6	6	2	4	7	4	2	1	2	2	2	2	2	8	8	3	2	2	2	4	4	2	4	2	5	3	3	3	9	2	2	2	3	2	2	1	6	2	3	2	2	2	2	3	2	2	2	2	3	4	2	6	2	2	3	2	2	2	4	4	7	2	2	2	2	2	2	3	2	2	3	2	4	7	4	3	12	6	2	2	1	2	5	5	4	4	2	1	1	2	4	2	6	3	7	2	5	3	7	10	9	2	5	5	2	10	2	9	2	4	2	9	2	2	7	3	2	4	4	3	5	4	3	4	2	5	2	5	3	1	7	3	1	5	14	6	3	2	4	2	3	2	9	5	2	6	9	3	2	4	7	3	2	3	4	9	5	2	6	4	11	3	2	4	3	7	7	11	4	1	12	25	1	2	4	1	2	2	7	11	2	2	2	4	4	9	3	2	4	5	2	3	3	6	9	4	12	2	2	2	3	4	18	9	21	9	3	2	2	3	3	11	3	7	3	2	4	25	10	2	2	18	5	11	3	7	2	3	3	2	3	4	4	3	2	2	1	2	4	1	1	1	4	2	1	2	3	1	2	3	2	4	1	2	2	2	2	2	3	2	3	1	2	3	2	1	2	4	1	2	2	3	3	2	2	3	10	2	2	4	2	3	1	2	2	3	1	1	1	1	1	5	7	7	1	2	3	2	1	2	2	1	1	2	1	2	1	2	2	2	1	1	3	2	3	3	2	4	4	5	3	3	2	2	8	5	2	2	2	2	9	2	2	2	2	4	3	2	2	2	2	5	2	12	3	3	2	5	9	2	3	2	2	2	2	3	2	2	2	2	2	2	2	2	2	2	2	2	2	6	15	3	3	2	9	5	4	3	2	2	2	8	2	3	3	9	3	2	3	2	2	3	1	1	1	1	2	18	6	3	4	22	2	10	3	2	2	4	2	2	4	4	8	3	8	2	2	12	6	5	5	4	14	2	7	13	1	5	8	6	2	3	7	4	3	8	12	6	3	3	7	19	7	3	14	3	5	3	25	2	1	2	12	3	18	2	3	20	6	12	7	2	2	5	8	11	3	2	2	2	1	3	8	8	2	2	5	2	2	4	3	6	2	2	6	1	1	1	1	1
ELAPSED TIME S: 801.419
ELAPSED TIME M: 13.3569833333333
