NaN
0.5
0.0
0.0
0.0
0.5
0.0
0.0
0.333333333333333
0.333333333333333
0.0
0.0
0.0
0.0
0.0
0.0
0.0
0.0
0.0
0.0
0.333333333333333
0.0
0.0
0.0
0.0
0.0
0.0
0.0
0.0
0.0
0.0
0.0
0.0
0.0434782608695652
0.0
0.0434782608695652
0.0
0.0
0.0
0.0
0.333333333333333
0.0434782608695652
0.0434782608695652
0.333333333333333
0.0434782608695652
0.333333333333333
0.166666666666667
0.0869565217391305
0.0869565217391305
0.0
0.166666666666667
0.166666666666667
0.166666666666667
0.0869565217391305
0.0869565217391305
0.5
0.166666666666667
0.166666666666667
0.166666666666667
0.0
0.166666666666667
0.166666666666667
0.166666666666667
