NaN
0.5
0.0
0.0
0.0
0.5
0.0
0.0
0.0
0.0
0.0
0.0
0.0
0.0
0.0
0.0
0.0
0.0
0.0
0.0
0.333333333333333
0.0
0.0
0.0
0.0
0.0
0.0
0.0
0.0
0.0
0.0
0.0
0.0
0.0434782608695652
0.0
0.0434782608695652
0.0
0.0
0.0
0.0
0.5
0.0434782608695652
0.0434782608695652
0.5
0.0434782608695652
0.285714285714286
0.285714285714286
0.0434782608695652
0.0434782608695652
0.0
0.285714285714286
0.285714285714286
0.5
0.0434782608695652
0.0434782608695652
0.0
0.285714285714286
0.5
0.5
0.0
0.285714285714286
0.285714285714286
0.285714285714286
