NaN
0.5
0.666666666666667
0.666666666666667
0.0769230769230769
0.0
0.25
0.2
0.2
0.2
0.25
0.571428571428571
0.25
0.4
0.0714285714285714
0.0714285714285714
0.2
0.111111111111111
0.2
0.0714285714285714
0.04
0.0416666666666666
0.04
0.04
0.04
0.04
0.08
0.0306122448979592
0.0306122448979592
0.0
0.04
0.5
0.5
0.105263157894737
0.166666666666667
0.105263157894737
0.178571428571429
0.1
0.205882352941177
0.107142857142857
0.0769230769230769
0.137931034482759
0.04
0.147058823529412
0.0769230769230769
0.04
0.04
0.107142857142857
0.5
0.04
0.0769230769230769
0.0967741935483871
0.166666666666667
0.0
0.0740740740740741
0.0
0.0
0.0
0.04
0.142857142857143
0.0510204081632652
0.111111111111111
0.5
0.0769230769230769
0.0769230769230769
0.285714285714286
0.0769230769230769
0.137931034482759
0.107142857142857
0.107142857142857
0.111111111111111
0.04
0.0769230769230769
0.5
0.04
0.0769230769230769
0.0769230769230769
0.04
0.137931034482759
0.04
0.04
0.137931034482759
0.0769230769230769
0.166666666666667
0.04
0.166666666666667
0.0769230769230769
0.0769230769230769
0.166666666666667
0.0769230769230769
0.166666666666667
0.166666666666667
0.0769230769230769
0.0769230769230769
0.166666666666667
0.0769230769230769
0.0769230769230769
0.0769230769230769
0.0967741935483871
0.0769230769230769
0.04
0.0769230769230769
0.04
0.0769230769230769
0.111111111111111
0.0769230769230769
0.0769230769230769
0.04
0.04
0.0769230769230769
0.0769230769230769
0.0769230769230769
0.0769230769230769
0.172413793103448
0.04
0.04
0.0769230769230769
0.0769230769230769
0.166666666666667
0.166666666666667
0.04
0.04
0.2
0.166666666666667
0.166666666666667
0.0769230769230769
0.166666666666667
0.04
0.285714285714286
0.2
0.107142857142857
0.285714285714286
0.04
0.285714285714286
0.166666666666667
0.0769230769230769
0.166666666666667
0.166666666666667
0.166666666666667
0.166666666666667
0.04
0.166666666666667
0.166666666666667
0.147058823529412
0.0769230769230769
0.0606060606060605
0.0769230769230769
0.166666666666667
0.107142857142857
0.0769230769230769
0.0769230769230769
0.285714285714286
0.0769230769230769
0.0769230769230769
0.166666666666667
0.08
0.285714285714286
0.115384615384615
0.142857142857143
0.0
0.115384615384615
0.08
0.0
0.0
0.375
0.375
0.08
0.142857142857143
0.0
0.375
0.0
0.17948717948718
0.375
0.0416666666666666
0.08
0.08
0.115384615384615
0.0
0.0
0.08
0.08
0.129032258064516
0.0
0.0
0.08
0.115384615384615
0.0
0.08
0.0
0.0769230769230769
0.0
0.0
0.04
0.04
0.137931034482759
0.0967741935483871
0.0
0.04
0.0
0.0
0.04
0.04
0.0
0.0
0.0714285714285714
0.12
0.12
0.0416666666666666
0.0416666666666666
0.0612244897959183
0.0612244897959183
0.0416666666666666
0.08
0.0416666666666666
0.08
0.0
0.0
0.0408163265306123
0.142857142857143
0.172413793103448
0.131578947368421
0.0408163265306123
0.111111111111111
0.0408163265306123
0.0408163265306123
0.08
0.08
0.131578947368421
0.0416666666666666
0.0408163265306123
0.0
0.131578947368421
0.0
0.131578947368421
0.08
0.0408163265306123
0.08
0.142857142857143
0.115384615384615
0.08
0.375
0.08
0.115384615384615
0.08
0.08
0.08
