NaN
0.5
0.666666666666667
0.666666666666667
0.0769230769230769
0.0
0.0
0.333333333333333
0.2
0.4
0.0
0.4
0.0
0.125
0.0714285714285714
0.0714285714285714
0.125
0.125
0.125
0.0714285714285714
0.125
0.0
0.125
0.125
0.125
0.0
0.4
0.0714285714285714
0.0714285714285714
0.25
0.125
0.0
0.0
0.125
0.2
0.125
0.2
0.3
0.363636363636364
0.2
0.2
0.333333333333333
0.2
0.272727272727273
0.222222222222222
0.2
0.2
0.2
0.2
0.2
0.333333333333333
0.272727272727273
0.0
0.0
0.0
0.0
0.0
0.0
0.125
0.0
0.0714285714285714
0.3
0.333333333333333
0.222222222222222
0.222222222222222
0.2
0.333333333333333
0.333333333333333
0.2
0.2
0.333333333333333
0.2
0.333333333333333
0.333333333333333
0.2
0.2
0.333333333333333
0.2
0.333333333333333
0.2
0.2
0.333333333333333
0.333333333333333
0.333333333333333
