NaN
0.5
0.666666666666667
0.666666666666667
0.0384615384615384
0.0
0.333333333333333
0.333333333333333
0.333333333333333
0.333333333333333
0.0
0.333333333333333
0.0
0.142857142857143
0.115384615384615
0.0769230769230769
0.142857142857143
0.142857142857143
0.142857142857143
0.0769230769230769
0.142857142857143
0.0
0.142857142857143
0.142857142857143
0.142857142857143
0.142857142857143
0.0
0.0769230769230769
0.0769230769230769
0.0
0.142857142857143
0.0
0.0
0.142857142857143
0.0
0.142857142857143
0.0
0.222222222222222
0.272727272727273
0.0
0.0
0.25
0.0
0.272727272727273
0.125
0.0
0.0
0.0
0.0
0.0
0.25
0.272727272727273
0.0
0.0
0.0
0.0
0.0
0.0
0.142857142857143
0.0
0.0769230769230769
0.222222222222222
0.25
0.125
0.125
0.0
0.25
0.25
0.0
0.0
0.25
0.0
0.25
0.25
0.0
0.0
0.25
0.0
0.25
0.0
0.0
0.25
0.25
0.25
