NaN
0.0
0.333333333333333
0.0
0.115384615384615
0.0
0.0
0.0909090909090909
0.5
0.166666666666667
0.0
0.15
0.0
0.117647058823529
0.0740740740740741
0.0740740740740741
0.0
0.0
0.0
0.0
0.027027027027027
0.0384615384615384
0.027027027027027
0.0
0.0
0.0
0.0384615384615384
0.0103092783505154
0.0103092783505154
0.0384615384615384
0.0
0.111111111111111
0.111111111111111
0.0
0.111111111111111
0.027027027027027
0.0384615384615384
0.05
0.0882352941176471
0.0
0.0
0.0
0.0
0.0
0.027027027027027
0.0
0.0
0.0
0.0
0.0
0.0
0.0
0.0
0.0
0.0
0.0740740740740741
0.0740740740740741
0.0
0.027027027027027
0.0571428571428572
0.0309278350515464
0.025
0.0
0.027027027027027
0.027027027027027
0.0
0.0
0.0
0.0
0.0
0.0
0.0
0.0
0.0
0.0
0.0
0.0
0.0
0.0
0.0
0.0
0.0
0.0
0.0
0.0
0.111111111111111
0.0
0.0
0.0
0.0
0.0
0.0
0.0
0.0
0.0
0.0
0.0
0.0
0.0
0.0
0.0
0.0
0.0
0.0
0.0
0.0
0.0
0.0
0.0
0.0
0.0
0.0
0.0
0.0571428571428572
0.0
0.0740740740740741
0.0571428571428572
0.0571428571428572
0.0
0.111111111111111
0.0
0.0
0.0526315789473685
0.111111111111111
0.111111111111111
0.0571428571428572
0.111111111111111
0.0
0.0
0.0263157894736842
0.0
0.111111111111111
0.0740740740740741
0.111111111111111
0.111111111111111
0.0
0.2
0.0
0.111111111111111
0.111111111111111
0.0
0.0
0.111111111111111
0.0
0.0285714285714286
0.0412371134020618
0.0285714285714286
0.111111111111111
0.0
0.0
0.0
0.0
0.0666666666666666
0.0666666666666666
0.0
0.0
0.111111111111111
0.0540540540540541
0.0
0.111111111111111
0.0
0.0
0.0
0.111111111111111
0.111111111111111
0.0
0.0
0.111111111111111
0.111111111111111
0.111111111111111
0.2
0.0540540540540541
0.0
0.0
0.0
0.0
0.0285714285714286
0.0
0.0
0.0
0.0
0.0
0.0
0.0
0.0
0.0
0.0
0.0
0.0
0.0
0.0
0.0
0.0
0.0
0.0
0.0
0.0
0.0
0.0
0.0
0.0
0.0
0.0
0.0
0.0412371134020618
0.0540540540540541
0.0540540540540541
0.0
0.0
0.0412371134020618
0.0412371134020618
0.0
0.0540540540540541
0.0
0.0540540540540541
0.0
0.0
0.0309278350515464
0.0
0.0
0.027027027027027
0.0309278350515464
0.0
0.0309278350515464
0.0309278350515464
0.027027027027027
0.027027027027027
0.027027027027027
