NaN
0.0
0.333333333333333
0.0
0.115384615384615
0.0
0.0
0.2
0.25
0.333333333333333
0.0
0.333333333333333
0.0
0.125
0.115384615384615
0.115384615384615
0.125
0.125
0.125
0.0769230769230769
0.0
0.333333333333333
0.0
0.0
0.0
0.0
0.333333333333333
0.0769230769230769
0.0769230769230769
0.333333333333333
0.0
0.333333333333333
0.333333333333333
0.0
0.333333333333333
0.0
0.333333333333333
0.0833333333333334
0.333333333333333
0.0
0.0
0.0
0.0
0.0
0.125
0.0
0.0
0.0
0.0
0.0
0.0
0.0
0.0
0.333333333333333
0.0
0.0
0.0
0.0
0.125
0.0
0.115384615384615
0.0833333333333334
0.0
0.125
0.125
0.0
0.0
0.0
0.0
0.0
0.0
