HEURISTIC ELAPSED TIME: 389.344
Parameters:
verbose => false
logfile => 
source => http://localhost:8890/sparql?default-graph-uri=http://nytimes.org
target => http://localhost:8895/sparql?default-graph-uri=http://freebase.org
class =>  <http://data.nytimes.com/elements/nytd_org> 
append => a
format => txt
chunk => 150
topk => 1
offset => 0
stringthreshold => 0.7
usepivot => true
blocking => true
transitionupdate => false
globalrecall => true
aligner => NoAligner
ranker => TimeBasedTransitionRanking
selector => DecisionTreeSelectionAlgorithm
searcher => Baseline
learningpercent => 0.2
transitionfailurerate => 1.0
qconly => false
$shuffle
true
$orderbyclause

$orderby

LATEX 1651 & 0.328186596583443 & 2.0 & 1.47016918967053 & 403.439
PAIR COMPLETENESS: 0.328186596583443
RECALL: 0.32161629434954
PRECISON: 0.827557058326289
FMEASURE: 0.463212680387982
NUMBER QUERIES: 6088
RATIO NUMBER QUERIES/INSTANCES: 2.0
RATIO QUERIES/POSITIVES: 0.18446123521682
RATIO QUERIES/NEGATIVES: 0.81553876478318
NUMBER HOMONYMS: 1651
RATIO HOMONYMS/INSTANCES: 1.47016918967053
SORTED LIST OF HOMONYMS: 1	1	1	1	1	1	1	1	1	1	1	1	1	1	1	1	1	1	1	1	1	1	1	1	1	1	1	1	1	1	1	1	1	1	1	1	1	1	1	1	1	1	1	1	1	1	1	1	1	1	1	1	1	1	1	1	1	1	1	1	1	1	1	1	1	1	1	1	1	1	1	1	1	1	1	1	1	1	1	1	1	1	1	1	1	1	1	1	1	1	1	1	1	1	1	1	1	1	1	1	1	1	1	1	1	1	1	1	1	1	1	1	1	1	1	1	1	1	1	1	1	1	1	1	1	1	1	1	1	1	1	1	1	1	1	1	1	1	1	1	1	1	1	1	1	1	1	1	1	1	1	1	1	1	1	1	1	1	1	1	1	1	1	1	1	1	1	1	1	1	1	1	1	1	1	1	1	1	1	1	1	1	1	1	1	1	1	1	1	1	1	1	1	1	1	1	1	1	1	1	1	1	1	1	1	1	1	1	1	1	1	1	1	1	1	1	1	1	1	1	1	1	1	1	1	1	1	1	1	1	1	1	1	1	1	1	1	1	1	1	1	1	1	1	1	1	1	1	1	1	1	1	1	1	1	1	1	1	1	1	1	1	1	1	1	1	1	1	1	1	1	1	1	1	1	1	1	1	1	1	1	1	1	1	1	1	1	1	1	1	1	1	1	1	1	1	1	1	1	1	1	1	1	1	1	1	1	1	1	1	1	1	1	1	1	1	1	1	1	1	1	1	1	1	1	1	1	1	1	1	1	1	1	1	1	1	1	1	1	1	1	1	1	1	1	1	1	1	1	1	1	1	1	1	1	1	1	1	1	1	1	1	1	1	1	1	1	1	1	1	1	1	1	1	1	1	1	1	1	1	1	1	1	1	1	1	1	1	1	1	1	1	1	1	1	1	1	1	1	1	1	1	1	1	1	1	1	1	1	1	1	1	1	1	1	1	1	1	1	1	1	1	1	1	1	1	1	1	1	1	1	1	1	1	1	1	1	1	1	1	1	1	1	1	1	1	1	1	1	1	1	1	1	1	1	1	1	1	1	1	1	1	1	1	1	1	1	1	1	1	1	1	1	1	1	1	1	1	1	1	1	1	1	1	1	1	1	1	1	1	1	1	1	1	1	1	1	1	1	1	1	1	1	1	1	1	1	1	1	1	1	1	1	1	1	1	1	1	1	1	1	1	1	1	1	1	1	1	1	1	1	1	1	1	1	1	1	1	1	1	1	1	1	1	1	1	1	1	1	1	1	1	1	1	1	1	1	1	1	1	1	1	1	1	1	1	1	1	1	1	1	1	1	1	1	1	1	1	1	1	1	1	1	1	1	1	1	1	1	1	1	1	1	1	1	1	1	1	1	1	1	1	1	1	1	1	1	1	1	1	1	1	1	1	1	1	1	1	1	1	1	1	1	1	1	1	1	1	1	1	1	1	1	1	1	1	1	1	1	1	1	1	1	1	1	1	1	1	1	1	1	1	1	1	1	1	1	1	1	1	1	1	1	1	1	1	1	1	1	1	1	1	1	1	1	1	1	1	1	1	1	1	1	1	1	1	1	1	1	1	1	1	1	1	1	1	1	1	1	1	1	1	1	1	1	1	1	1	1	1	1	1	1	1	1	1	1	1	1	1	1	1	1	1	1	1	1	1	1	1	1	1	1	1	1	1	1	1	1	1	1	1	1	1	1	1	1	1	1	1	1	1	1	1	1	1	1	1	1	1	1	1	1	1	1	1	1	1	1	1	1	1	1	1	1	1	1	1	1	1	1	1	1	1	1	1	1	1	1	1	1	1	1	1	1	1	1	1	1	1	1	1	1	1	1	1	1	1	1	1	1	1	1	1	1	1	1	1	1	1	1	1	1	1	1	1	1	1	1	1	1	1	1	1	1	1	1	1	1	1	1	1	1	1	1	1	1	1	1	1	1	1	1	1	1	1	1	1	1	1	1	1	1	1	1	1	1	1	1	1	1	1	1	1	1	1	1	1	1	1	1	1	1	1	1	1	1	2	2	2	2	2	2	2	2	2	2	2	2	2	2	2	2	2	2	2	2	2	2	2	2	2	2	2	2	2	2	2	2	2	2	2	2	2	2	2	2	2	2	2	2	2	2	2	2	2	2	2	2	2	2	2	2	2	2	2	2	2	2	2	2	2	2	2	2	2	2	2	2	2	2	2	2	2	2	2	2	2	2	2	2	2	2	2	2	2	2	2	2	2	2	2	2	2	2	2	2	2	2	2	2	2	2	2	2	2	2	2	2	2	2	2	2	2	2	2	2	2	2	2	2	2	2	2	2	2	2	2	2	2	2	2	2	2	2	2	2	2	2	2	2	2	2	2	2	2	2	2	2	2	2	2	2	2	2	2	2	2	2	2	2	2	2	2	2	2	2	2	2	2	2	2	2	2	2	2	2	2	2	2	2	2	2	2	2	2	2	2	2	2	2	2	2	2	2	2	2	2	2	2	2	2	2	2	2	2	2	2	2	2	2	2	2	2	2	2	2	2	2	2	2	2	2	2	2	2	2	2	2	2	2	2	2	2	2	2	2	2	2	2	2	2	2	2	2	2	2	2	2	2	2	2	2	2	2	2	2	2	2	2	2	2	2	2	2	2	2	2	2	2	2	2	2	3	3	3	3	3	3	3	3	3	3	3	3	3	3	3	3	3	3	3	3	3	3	3	3	3	3	3	3	3	3	3	3	3	3	3	3	3	3	4	4	4	4	5	5	12	30	30
LIST OF HOMONYMS: 1	1	1	1	2	1	1	1	2	2	1	1	2	1	1	3	1	1	2	1	3	2	1	1	1	1	1	1	1	2	3	1	1	1	1	1	1	1	1	1	2	1	1	1	1	1	1	1	1	1	1	1	2	2	1	1	2	1	1	1	2	1	2	2	2	1	1	1	2	3	2	1	1	1	1	1	3	2	1	1	1	1	1	3	2	1	1	2	1	1	1	1	1	1	1	1	1	1	1	1	2	1	2	1	2	1	2	2	1	1	1	2	1	1	1	1	1	2	1	1	2	1	2	1	1	2	2	1	2	2	1	1	1	2	1	1	2	1	1	1	1	1	1	1	3	3	1	2	1	1	1	1	1	1	2	1	4	1	2	1	1	1	1	1	1	1	1	2	1	1	2	1	1	1	2	2	2	1	1	1	2	1	2	1	1	1	1	1	1	1	1	1	1	1	1	1	1	1	2	1	1	1	1	2	2	1	2	2	2	2	1	1	1	1	2	5	1	2	2	1	1	1	1	1	2	1	1	1	1	1	1	2	1	2	1	2	1	1	1	1	1	1	1	1	2	2	1	2	2	1	1	2	1	1	1	1	2	2	1	1	2	1	1	1	1	1	1	1	1	1	1	1	1	1	1	2	1	1	1	2	1	2	2	1	1	5	1	1	1	1	1	2	1	2	2	1	1	2	1	1	2	1	1	2	2	1	2	1	1	1	1	1	1	1	1	1	2	1	2	1	1	1	1	1	1	1	1	1	1	1	1	1	2	1	1	1	1	2	1	1	1	1	1	2	1	1	2	1	1	1	1	1	1	1	1	1	1	1	1	1	2	1	1	2	1	1	1	1	1	1	2	1	2	1	1	1	1	1	4	1	2	2	1	1	1	1	1	1	4	1	1	1	1	1	2	1	1	1	2	3	2	1	1	2	1	2	1	2	1	2	2	1	1	1	1	1	1	2	1	1	12	1	1	2	1	1	1	1	1	1	1	1	1	1	3	1	1	1	1	2	1	1	1	1	1	2	1	1	2	1	2	1	1	2	1	1	2	1	1	1	1	1	1	1	1	1	1	1	3	1	2	2	2	3	1	3	1	2	1	1	1	1	1	1	1	1	1	2	3	3	2	2	1	1	2	1	1	1	1	1	1	1	1	1	3	2	2	2	1	1	1	2	1	1	1	1	1	1	1	1	2	2	1	2	1	1	1	1	3	1	1	1	2	1	2	2	2	1	2	1	1	1	1	2	3	2	1	2	1	1	1	1	1	2	2	2	2	2	1	1	2	2	1	1	2	1	1	3	2	1	1	1	1	1	1	2	1	1	1	1	1	1	2	1	2	1	2	2	3	1	30	2	2	1	2	1	1	1	1	1	1	1	1	1	1	1	1	2	2	1	1	2	1	1	2	2	1	1	2	1	1	1	1	1	1	2	2	2	1	1	1	1	1	1	1	1	1	1	1	1	1	1	1	1	1	2	2	1	1	1	1	30	1	1	1	1	1	2	1	1	1	1	4	1	2	3	1	2	1	1	2	1	1	1	2	1	1	2	1	1	1	1	1	1	1	2	1	1	1	1	1	2	1	1	1	2	2	1	1	2	1	1	1	1	1	2	1	1	1	2	1	1	1	1	1	2	2	1	1	1	2	1	1	2	1	2	2	1	2	2	1	1	1	1	2	2	1	2	1	1	2	1	2	1	3	1	1	1	2	3	2	1	1	1	1	1	1	1	1	2	1	2	1	2	1	1	1	2	1	1	1	1	1	1	2	1	2	1	1	2	2	1	1	1	1	1	1	1	2	1	1	1	1	1	1	2	1	1	1	1	1	2	2	1	1	1	2	1	2	1	1	1	1	1	1	1	1	1	2	1	1	1	2	1	1	2	1	1	2	1	1	1	1	2	2	1	1	1	1	1	1	1	1	1	1	2	1	2	1	3	2	1	1	1	3	1	1	1	1	1	2	1	1	2	3	1	1	1	2	1	2	1	3	1	2	3	1	1	1	1	2	1	1	1	2	1	1	1	2	1	1	3	2	1	1	3	1	1	1	1	1	1	1	2	1	1	1	1	1	1	2	1	1	1	1	1	1	1	1	1	1	2	1	2	3	1	1	1	1	2	1	1	1	1	1	1	1	3	1	1	2	1	1	1	1	1	1	2	2	1	1	1	1	1	1	1	1	3	1	1	1	1	1	2	1	1	2	1	1	2	1	1	1	1	1	2	2	1	2	1	1	2	1	1	1	1	1	1	1	2	1	1	1	2	3	1	1	1	1	2	3	2	1	1	1	1	1	2	1	2	1	1	1	2	1	1	1	1	1	1	1	1	1	1	1	1	1	1	1	1	1	1	2	1	1	1	1	1	2	1	1	1	2	1	1	1	1	1	1	1	1	1	1	2	1	1	1	2	1	1	1	1	1	1	1	1	1	1	1	1	1	2	1	1	1	2	1	1	1	1	1	1	2	1	2	1	1	1	2	3	1	1	1	1	2	1	1	1	1	1	1	1	1	1	1	1	1	1	2	1	1	2	1	1	1	1	2	1	1	1	1	1	2	1	1	1	1	3	2	1	1	1	1	1	3	1	2	2	2	1	1	2	2	1	1	1	1	1	1	1	1	1	2	2	1	2	1	2	1	2	1	1	1	1	1	2	1	2	1	1	2	2	1	1	2	1	1	1	1	1	1	1	1	1	1	1	2	1	1	1	1	1	1	2	1	2	1	1	1	1	1	2	2	1	1	1	1	1	1	1
ELAPSED TIME S: 403.442
ELAPSED TIME M: 6.72403333333333
