HEURISTIC ELAPSED TIME: 812.832
Parameters:
verbose => false
logfile => 
source => http://localhost:8890/sparql?default-graph-uri=http://nytimes.org
target => http://localhost:8895/sparql?default-graph-uri=http://freebase.org
class =>  <http://data.nytimes.com/elements/nytd_org> 
append => a
format => txt
chunk => 150
topk => 1
offset => 0
stringthreshold => 0.7
usepivot => true
blocking => true
transitionupdate => false
globalrecall => true
aligner => HierarchicalClusterAligner
ranker => TimeBasedTransitionRanking
selector => DecisionTreeSelectionAlgorithm
searcher => Baseline
learningpercent => 0.2
transitionfailurerate => 1.0
qconly => false
$shuffle
true
$orderbyclause

$orderby

LATEX 3177 & 0.626806833114323 & 1.0 & 1.49015009380863 & 837.903
PAIR COMPLETENESS: 0.626806833114323
RECALL: 0.597568988173456
PRECISON: 0.852789498359119
FMEASURE: 0.702723585087889
NUMBER QUERIES: 3044
RATIO NUMBER QUERIES/INSTANCES: 1.0
RATIO QUERIES/POSITIVES: 0.700394218134034
RATIO QUERIES/NEGATIVES: 0.299605781865966
NUMBER HOMONYMS: 3177
RATIO HOMONYMS/INSTANCES: 1.49015009380863
SORTED LIST OF HOMONYMS: 1	1	1	1	1	1	1	1	1	1	1	1	1	1	1	1	1	1	1	1	1	1	1	1	1	1	1	1	1	1	1	1	1	1	1	1	1	1	1	1	1	1	1	1	1	1	1	1	1	1	1	1	1	1	1	1	1	1	1	1	1	1	1	1	1	1	1	1	1	1	1	1	1	1	1	1	1	1	1	1	1	1	1	1	1	1	1	1	1	1	1	1	1	1	1	1	1	1	1	1	1	1	1	1	1	1	1	1	1	1	1	1	1	1	1	1	1	1	1	1	1	1	1	1	1	1	1	1	1	1	1	1	1	1	1	1	1	1	1	1	1	1	1	1	1	1	1	1	1	1	1	1	1	1	1	1	1	1	1	1	1	1	1	1	1	1	1	1	1	1	1	1	1	1	1	1	1	1	1	1	1	1	1	1	1	1	1	1	1	1	1	1	1	1	1	1	1	1	1	1	1	1	1	1	1	1	1	1	1	1	1	1	1	1	1	1	1	1	1	1	1	1	1	1	1	1	1	1	1	1	1	1	1	1	1	1	1	1	1	1	1	1	1	1	1	1	1	1	1	1	1	1	1	1	1	1	1	1	1	1	1	1	1	1	1	1	1	1	1	1	1	1	1	1	1	1	1	1	1	1	1	1	1	1	1	1	1	1	1	1	1	1	1	1	1	1	1	1	1	1	1	1	1	1	1	1	1	1	1	1	1	1	1	1	1	1	1	1	1	1	1	1	1	1	1	1	1	1	1	1	1	1	1	1	1	1	1	1	1	1	1	1	1	1	1	1	1	1	1	1	1	1	1	1	1	1	1	1	1	1	1	1	1	1	1	1	1	1	1	1	1	1	1	1	1	1	1	1	1	1	1	1	1	1	1	1	1	1	1	1	1	1	1	1	1	1	1	1	1	1	1	1	1	1	1	1	1	1	1	1	1	1	1	1	1	1	1	1	1	1	1	1	1	1	1	1	1	1	1	1	1	1	1	1	1	1	1	1	1	1	1	1	1	1	1	1	1	1	1	1	1	1	1	1	1	1	1	1	1	1	1	1	1	1	1	1	1	1	1	1	1	1	1	1	1	1	1	1	1	1	1	1	1	1	1	1	1	1	1	1	1	1	1	1	1	1	1	1	1	1	1	1	1	1	1	1	1	1	1	1	1	1	1	1	1	1	1	1	1	1	1	1	1	1	1	1	1	1	1	1	1	1	1	1	1	1	1	1	1	1	1	1	1	1	1	1	1	1	1	1	1	1	1	1	1	1	1	1	1	1	1	1	1	1	1	1	1	1	1	1	1	1	1	1	1	1	1	1	1	1	1	1	1	1	1	1	1	1	1	1	1	1	1	1	1	1	1	1	1	1	1	1	1	1	1	1	1	1	1	1	1	1	1	1	1	1	1	1	1	1	1	1	1	1	1	1	1	1	1	1	1	1	1	1	1	1	1	1	1	1	1	1	1	1	1	1	1	1	1	1	1	1	1	1	1	1	1	1	1	1	1	1	1	1	1	1	1	1	1	1	1	1	1	1	1	1	1	1	1	1	1	1	1	1	1	1	1	1	1	1	1	1	1	1	1	1	1	1	1	1	1	1	1	1	1	1	1	1	1	1	1	1	1	1	1	1	1	1	1	1	1	1	1	1	1	1	1	1	1	1	1	1	1	1	1	1	1	1	1	1	1	1	1	1	1	1	1	1	1	1	1	1	1	1	1	1	1	1	1	1	1	1	1	1	1	1	1	1	1	1	1	1	1	1	1	1	1	1	1	1	1	1	1	1	1	1	1	1	1	1	1	1	1	1	1	1	1	1	1	1	1	1	1	1	1	1	1	1	1	1	1	1	1	1	1	1	1	1	1	1	1	1	1	1	1	1	1	1	1	1	1	1	1	1	1	1	1	1	1	1	1	1	1	1	1	1	1	1	1	1	1	1	1	1	1	1	1	1	1	1	1	1	1	1	1	1	1	1	1	1	1	1	1	1	1	1	1	1	1	1	1	1	1	1	1	1	1	1	1	1	1	1	1	1	1	1	1	1	1	1	1	1	1	1	1	1	1	1	1	1	1	1	1	1	1	1	1	1	1	1	1	1	1	1	1	1	1	1	1	1	1	1	1	1	1	1	1	1	1	1	1	1	1	1	1	1	1	1	1	1	1	1	1	1	1	1	1	1	1	1	1	1	1	1	1	1	1	1	1	1	1	1	1	1	1	1	1	1	1	1	1	1	1	1	1	1	1	1	1	1	1	1	1	1	1	1	1	1	1	1	1	1	1	1	1	1	1	1	1	1	1	1	1	1	1	1	1	1	1	1	1	1	1	1	1	1	1	1	1	1	1	1	1	1	1	1	1	1	1	1	1	1	1	1	1	1	1	1	1	1	1	1	1	1	1	1	1	1	1	1	1	1	1	1	1	1	1	1	1	1	1	1	1	1	1	1	1	1	1	1	1	1	1	1	1	1	1	1	1	1	1	1	1	1	1	1	1	1	1	1	1	1	1	1	1	1	1	1	1	1	1	1	1	1	1	1	1	1	1	1	1	1	1	1	1	1	1	1	1	1	1	1	1	1	1	1	1	1	1	1	1	1	1	1	1	1	1	1	1	1	1	1	1	1	1	1	1	1	1	1	1	1	1	1	1	1	1	1	1	1	1	1	1	1	1	1	1	1	1	1	1	1	1	1	1	1	1	1	1	1	1	1	1	1	1	1	1	1	1	1	1	1	1	1	1	1	1	1	1	1	1	1	1	1	1	1	1	1	1	1	1	1	1	1	1	1	1	1	1	1	1	1	1	1	1	1	1	1	1	1	1	1	1	1	1	1	1	1	1	1	1	1	1	1	1	1	1	1	1	1	1	1	1	1	1	1	1	1	1	1	1	1	1	1	1	1	1	1	1	1	1	1	1	1	1	1	1	1	1	1	1	1	1	1	1	1	1	1	1	1	1	1	1	1	1	1	1	1	1	1	1	1	1	1	1	1	1	1	1	1	1	1	1	1	1	1	1	1	1	1	1	1	1	1	1	1	1	1	1	1	1	1	1	1	1	1	1	1	1	1	1	1	1	1	1	1	1	1	1	1	1	1	1	1	1	1	1	1	1	1	1	1	1	1	1	1	1	1	1	1	1	1	1	1	1	1	1	1	1	1	1	1	1	1	1	1	1	1	1	1	1	1	1	1	1	1	1	1	1	1	1	1	1	1	1	1	1	1	1	1	1	1	1	1	1	1	1	1	1	1	1	1	1	1	1	1	1	1	1	1	1	1	1	1	1	1	1	1	1	1	1	1	1	1	1	1	1	1	1	1	1	1	1	1	1	1	1	1	1	1	1	1	1	1	1	1	1	1	1	1	1	1	1	1	1	1	1	1	1	1	1	1	1	1	1	1	1	1	1	1	1	1	1	1	1	1	1	1	1	1	1	1	1	1	1	1	1	1	1	1	1	1	1	1	1	1	1	1	1	1	1	1	1	1	1	1	1	1	1	1	1	1	1	1	1	1	1	1	1	1	1	1	1	1	1	1	1	1	1	1	1	1	1	1	1	1	1	1	1	1	1	1	1	1	1	1	1	1	1	1	1	1	1	1	2	2	2	2	2	2	2	2	2	2	2	2	2	2	2	2	2	2	2	2	2	2	2	2	2	2	2	2	2	2	2	2	2	2	2	2	2	2	2	2	2	2	2	2	2	2	2	2	2	2	2	2	2	2	2	2	2	2	2	2	2	2	2	2	2	2	2	2	2	2	2	2	2	2	2	2	2	2	2	2	2	2	2	2	2	2	2	2	2	2	2	2	2	2	2	2	2	2	2	2	2	2	2	2	2	2	2	2	2	2	2	2	2	2	2	2	2	2	2	2	2	2	2	2	2	2	2	2	2	2	2	2	2	2	2	2	2	2	2	2	2	2	2	2	2	2	2	2	2	2	2	2	2	2	2	2	2	2	2	2	2	2	2	2	2	2	2	2	2	2	2	2	2	2	2	2	2	2	2	2	2	2	2	2	2	2	2	2	2	2	2	2	2	2	2	2	2	2	2	2	2	2	2	2	2	2	2	2	2	2	2	2	2	2	2	2	2	2	2	2	2	2	2	2	2	2	2	2	2	2	2	2	2	2	2	2	2	2	2	2	2	2	2	2	2	2	2	2	2	2	2	2	2	2	2	2	2	2	2	2	2	2	2	2	2	2	2	2	2	2	2	2	2	2	2	2	2	2	2	2	2	2	2	2	2	2	2	2	2	2	2	2	2	2	2	2	2	2	2	2	2	2	2	2	2	2	2	2	2	2	2	2	2	2	2	2	2	2	2	2	2	2	2	2	2	2	2	2	2	2	2	2	2	2	2	2	2	2	2	2	2	2	2	2	2	2	2	2	2	2	2	2	2	2	2	2	2	2	2	2	2	2	2	2	2	2	2	2	2	2	2	2	2	2	2	2	2	2	2	2	2	2	2	2	2	2	2	2	2	2	2	2	2	2	2	2	2	2	2	2	2	2	2	2	2	2	2	2	2	2	2	2	2	2	2	2	3	3	3	3	3	3	3	3	3	3	3	3	3	3	3	3	3	3	3	3	3	3	3	3	3	3	3	3	3	3	3	3	3	3	3	3	3	3	3	3	3	3	3	3	3	3	3	3	3	3	3	3	3	3	3	3	3	3	3	3	3	3	3	3	3	3	3	3	3	3	3	3	3	3	3	3	3	3	3	3	3	3	3	3	3	3	3	3	3	3	3	3	3	3	3	3	3	3	3	3	3	3	3	3	3	3	3	3	3	3	3	3	3	3	3	3	3	3	3	3	3	3	3	3	3	3	3	3	3	3	3	3	3	3	3	3	3	3	3	3	3	3	3	3	3	3	3	3	4	4	4	4	4	4	4	4	4	4	4	4	4	4	4	4	4	4	4	4	4	4	4	4	4	4	4	4	4	4	4	4	4	4	4	4	4	4	4	4	4	4	4	4	4	4	4	4	4	4	4	4	4	4	4	4	5	5	5	5	5	5	5	5	5	5	5	5	5	5	5	6	6	6
LIST OF HOMONYMS: 1	3	2	1	1	1	1	1	1	1	1	3	1	4	1	1	2	1	1	1	2	5	4	1	3	1	2	1	1	1	1	3	1	1	1	2	3	1	3	1	1	1	1	1	1	4	4	1	1	2	2	1	1	1	1	1	2	1	1	1	1	2	1	1	4	1	1	1	1	2	1	1	1	1	5	1	1	1	1	1	1	1	1	1	3	1	1	2	1	2	2	2	1	1	2	1	1	2	1	4	1	1	2	1	1	1	2	1	1	1	1	1	1	1	2	1	1	2	2	1	2	2	3	1	1	1	2	1	1	1	3	1	1	1	1	1	1	1	1	3	1	4	4	1	1	1	1	1	1	1	3	2	2	3	1	2	1	1	1	1	1	3	1	1	3	3	2	1	2	1	1	1	1	1	2	1	1	1	1	4	2	1	1	1	1	1	1	1	1	1	1	2	1	1	1	1	1	2	1	2	2	1	1	1	2	1	2	2	1	1	1	1	1	1	2	1	1	3	1	1	1	1	1	1	1	2	3	1	1	1	1	3	1	2	1	1	1	2	1	2	1	1	1	1	2	1	2	1	2	1	1	3	1	1	1	1	1	1	1	2	1	2	2	2	1	2	1	1	1	2	1	4	1	2	2	1	1	1	1	2	3	1	1	2	1	1	1	2	1	2	2	2	1	5	1	1	1	2	1	4	1	2	1	1	3	2	2	2	1	1	1	1	1	2	1	1	1	2	2	1	1	1	1	4	1	1	1	1	1	4	2	1	1	1	1	1	1	3	1	1	1	2	1	2	1	1	1	1	1	1	1	1	1	1	1	2	2	1	1	1	1	1	1	1	1	1	1	1	1	1	1	1	1	1	1	2	1	1	1	1	3	1	2	1	1	1	1	1	2	1	1	2	2	1	2	1	1	1	1	2	1	1	1	1	1	3	1	3	1	1	1	1	5	1	2	1	1	1	1	1	1	2	1	2	1	1	1	1	1	2	2	2	1	2	2	5	3	1	1	1	1	1	1	1	2	2	1	1	2	1	1	3	1	1	1	3	1	1	1	2	1	1	3	1	1	1	1	3	1	1	1	1	1	3	2	2	1	1	1	1	2	2	1	2	1	1	1	2	2	2	3	1	1	1	3	1	1	1	1	2	1	1	3	2	3	2	1	2	1	1	1	1	2	2	2	1	1	1	1	1	1	2	1	1	1	1	1	2	2	3	1	1	1	1	1	1	1	1	1	1	1	1	2	1	1	1	1	1	1	1	2	1	1	1	1	2	1	1	3	1	2	1	1	3	2	1	1	1	3	1	1	1	3	1	1	1	2	1	1	1	1	3	3	1	2	1	1	1	3	2	1	2	1	1	2	3	1	1	1	2	1	2	1	1	1	2	1	1	1	1	1	4	1	1	1	1	1	1	1	1	1	1	1	1	1	1	4	1	1	2	3	1	2	1	1	1	1	4	1	1	1	1	1	1	1	1	1	1	2	1	1	1	1	3	1	1	2	2	1	2	1	1	1	3	2	3	1	1	1	2	1	1	1	1	1	2	1	1	1	1	1	1	2	1	5	3	2	2	1	1	1	1	1	1	1	1	3	1	1	1	1	2	2	1	1	1	1	2	2	1	3	1	2	1	1	1	2	1	1	2	6	1	1	1	1	3	2	1	1	3	1	1	1	1	1	1	1	1	1	1	3	3	1	1	2	1	2	2	2	1	2	2	1	2	1	3	1	1	1	1	1	2	2	1	1	3	2	1	2	1	1	1	2	1	1	1	1	1	3	1	1	1	1	1	1	1	4	2	1	2	1	3	1	3	1	4	2	1	1	3	1	2	1	2	1	1	2	1	1	1	1	2	1	1	1	1	1	1	1	1	3	2	2	1	4	1	1	1	1	1	1	1	2	1	1	1	1	1	2	1	1	1	2	1	1	3	1	1	1	1	1	1	1	1	1	1	4	1	1	1	1	1	1	1	2	1	1	3	2	1	2	1	1	1	1	1	2	1	1	1	1	3	1	1	1	1	1	2	1	2	1	3	1	1	4	1	2	1	1	4	1	1	2	3	1	1	1	1	1	3	1	2	1	1	3	1	3	2	1	1	1	1	1	3	1	1	1	1	1	2	1	3	2	1	2	2	3	1	2	1	1	2	2	1	1	2	1	2	1	3	1	1	1	3	1	1	1	1	1	2	1	1	1	1	1	1	4	5	2	1	2	2	1	1	1	2	1	1	4	1	2	2	1	1	1	3	1	1	1	1	1	1	1	1	2	1	2	1	2	1	1	1	1	2	1	1	1	2	4	1	1	1	1	1	2	1	2	1	1	1	1	1	2	1	1	3	2	1	2	1	1	2	1	2	2	2	1	2	4	2	2	2	1	1	1	1	4	1	1	1	1	1	1	2	2	1	2	1	1	1	1	3	3	2	1	3	1	1	3	1	2	1	1	1	1	1	1	1	1	1	1	1	2	1	2	1	2	1	1	1	1	2	1	1	2	1	4	2	1	1	1	1	1	1	1	1	1	1	1	1	1	1	1	1	6	1	4	1	1	4	1	1	1	2	4	2	1	3	1	1	1	1	1	2	1	2	1	1	1	2	2	1	3	1	1	2	3	2	1	3	1	1	1	2	1	1	2	1	2	1	1	1	1	1	1	2	1	1	1	2	1	1	1	1	1	3	2	2	1	1	2	1	2	1	3	1	5	1	1	1	1	1	1	1	1	1	1	1	1	2	1	1	1	1	1	3	4	2	1	1	1	2	1	1	3	1	1	1	3	1	1	1	1	1	1	1	2	1	1	1	1	1	1	2	1	1	1	1	1	1	1	1	1	1	1	1	1	1	1	1	1	1	1	1	2	1	1	1	1	1	1	1	1	1	6	1	1	1	1	1	1	1	1	2	2	2	2	3	3	1	2	1	1	1	1	1	1	1	2	2	3	1	1	1	2	3	2	2	2	1	1	1	1	2	1	2	1	1	1	1	1	1	1	1	1	1	1	1	1	1	1	1	1	2	1	2	1	1	1	1	1	2	2	1	1	2	1	1	1	1	1	3	1	1	1	2	1	1	1	2	1	1	1	1	1	1	1	1	2	1	1	2	3	2	2	1	1	1	1	1	1	1	2	1	1	1	2	2	1	1	1	2	1	4	1	1	1	2	1	1	1	1	1	1	1	1	1	1	1	2	1	4	4	1	1	1	3	1	1	1	1	1	2	1	1	1	2	2	1	2	2	1	1	1	2	2	2	1	1	1	2	1	2	1	3	1	1	1	1	1	1	1	2	1	1	4	1	1	1	2	1	3	1	1	2	1	1	2	2	2	1	2	1	2	1	1	1	1	1	1	1	1	2	1	1	2	1	1	1	1	1	1	1	1	1	1	1	1	1	1	1	1	1	1	1	3	2	2	1	2	2	1	2	2	1	2	1	1	1	3	1	1	1	2	4	2	1	2	1	1	1	1	1	1	1	2	1	1	2	1	2	1	1	1	1	3	1	1	1	1	1	1	1	1	1	1	1	2	1	2	1	1	1	1	1	2	1	3	1	3	1	1	1	1	1	4	1	1	1	1	1	1	1	3	3	1	2	2	1	1	1	1	1	1	1	1	1	1	2	2	1	3	1	1	2	2	1	1	2	1	1	1	1	1	1	1	1	1	1	1	1	4	2	1	1	2	1	1	2	1	2	1	1	1	2	1	2	1	1	1	1	2	1	1	1	1	2	1	1	1	1	1	1	1	1	1	1	1	2	1	1	3	1	1	4	1	3	1	1	1	1	2	1	1	2	1	1	3	1	3	1	1	1	3	5	1	1	1	1	1	1	1	1	5	1	5	1	1	1	1	1	4	1	2	2	1	1	1	5	2	2	1	1	1	1	1	2	1	2	1	1	1	1	1	1	1	1	4	1	1	2	3	2	1	1	2	5	1	1	2	2	2	1	1	1	1	1	1	1	2	2	2	1	1	1	1	1	2	1	1	1	4	2	1	1	4	2	2	1	1	1	1	1	1	3	1	1	3	3	1	4	1	1	1	1	4	2	1	1	1	2	1	1	1	1	1	4	3	3	1	1	1	2	1	1	1	2	3	1	1	2	1	1	2	1	1	1	1	1	1	2	1	1	4	1	2	1	1	1	1	1	1	1	1	1	1	1	1	1	3	1	1	1	1	1	3	1	3	2	2	1	1	1	1	1	1	1	1	1	1	2	2	3	2	1	3	1	1	2	1	1	2	1	1	1	4	1	1	3	1	3	1	3	1	1	1	1	1	1	1	2	2	1	2	1	1	1	1	3	1	1	1	1	3	1	1	4	1	1	1	1	1	4	1	1	2	1	2	1	2	1	2	1	1	1	1	1	1	1	4	1	1	1	1	1	2	1	1	1	1	1	1	4	3	1	1	1	1	1	1	1	1	1	1	1	1	2	1	1	1	1	1	1	1	1	1	2	1	1	3	1	1	1	1	1	3	1	2	1	1	1	3	1	1	1	1	3	1	1	2	1	1	3	1	2	3	1	1	1	1	1	1	1	1	1	1	1	1	1	2	1	1	1	1	1	1	1	2	1	1	1	1	1	2	1	1	1	1	1	1	1	2	1	2	1	1	2	1	1	1	1	1	1	1	2	1	4	1	1	2	2	1	1	1	3	1	1	1	3	1	1	1	1	1	1	1	1	1	1	1	1	2	1	1	2	1	1	4	1	1	1	1	2	2	1	1	4	1	2	1	1	3	1	1	2	1	2	2	1	1	1	2	1	1	1	3	1	3	1	1	2	1	1	1	2	1	1	1	1	1	1	1	1	1	1	1	1	2	2	2	2	1	1	1	1	1	1	3	1	1	2	1	3	1	2	1	2	1	3	1	2	1	1	1	2	1	1	2	1	1	3	2	1	1	3	1	1	1	2	2	1	1	1	1	2	5	1	1	1	1	1	1	1	1	1	1	1	1	1	2	1	1	1	1	2	1	2	1	1	1	1	1	1	1	1	1	1	1	1	2	1	1	1	1	1	3	1	1	1	3	1	2	5	2	1	1	1	1	1	1	1	1
ELAPSED TIME S: 837.908
ELAPSED TIME M: 13.9651333333333
