NaN
0.25
0.333333333333333
0.2
1.0
1.0
1.0
1.0
0.5
0.333333333333333
0.5
0.0
0.0
0.0
0.333333333333333
0.0
0.0
0.0
0.0
0.0
0.5
0.0
0.0238095238095238
0.0
0.0
0.0238095238095238
0.0238095238095238
0.0
0.0
0.0
0.103896103896104
0.0
0.666666666666667
0.0
0.0
0.0
0.0
0.0851063829787234
0.0238095238095238
0.0465116279069767
0.0
0.0
0.0
0.0238095238095238
0.0238095238095238
0.0238095238095238
0.0952380952380952
0.666666666666667
0.0
0.0
0.0238095238095238
0.0
0.0
0.0
0.0
0.0
0.0
0.0
0.0
0.0
0.0
0.0
0.0465116279069767
0.0
0.666666666666667
0.0
0.0238095238095238
0.0540540540540541
0.0
0.0
0.0238095238095238
0.0
0.0
0.0
0.0238095238095238
0.0
0.0
0.0238095238095238
0.0
0.0
0.0
0.0
0.0238095238095238
0.0
0.0
0.0
0.0
0.0
0.0
0.0
0.0
0.0
0.0
0.0
0.0
0.0238095238095238
0.0
0.0238095238095238
0.0238095238095238
0.0
0.0
0.0
0.0
0.0
0.0
0.0
0.0
0.0
0.0
0.0
0.0
0.0
0.0
0.0
0.0
0.0
0.0
0.0
0.0
0.0
0.0238095238095238
0.0238095238095238
0.0
0.0
0.666666666666667
0.0
0.0
0.0238095238095238
0.0238095238095238
0.0
0.0
0.0
0.0
0.0465116279069767
0.0465116279069767
0.0465116279069767
0.0
0.0
0.0
0.0
0.0
0.0
0.0526315789473685
0.0
0.0
0.0
0.0
0.0
0.0238095238095238
0.0
0.0
0.0
0.0
0.0
0.0
0.0
0.0238095238095238
0.0238095238095238
0.0238095238095238
0.0
0.0238095238095238
0.0238095238095238
0.0238095238095238
