NaN
0.0666666666666666
0.142857142857143
0.25
0.0666666666666666
0.25
0.2
0.285714285714286
0.25
0.111111111111111
0.25
0.25
0.25
0.5
0.375
0.0909090909090909
0.4
0.4
0.125
0.181818181818182
0.222222222222222
0.133333333333333
0.0909090909090909
0.125
0.153846153846154
0.125
0.0833333333333334
0.0
0.333333333333333
0.0
0.0666666666666666
0.125
0.125
0.4
0.4
0.0909090909090909
0.0909090909090909
0.0
0.111111111111111
0.4
0.25
0.0
0.4
0.153846153846154
0.333333333333333
0.222222222222222
0.230769230769231
0.125
0.0909090909090909
0.266666666666667
0.0
0.4
0.0
0.111111111111111
0.0
0.444444444444444
0.0
0.4
0.4
0.125
0.222222222222222
0.0909090909090909
0.230769230769231
0.222222222222222
0.0
0.375
0.181818181818182
0.0
0.416666666666667
0.111111111111111
0.0
0.111111111111111
0.181818181818182
0.181818181818182
0.222222222222222
0.125
0.0909090909090909
0.0
0.0
0.0
