NaN
0.0666666666666666
0.142857142857143
0.25
0.2
0.4
0.3
0.25
0.25
0.125
0.0
0.0909090909090909
0.0
0.272727272727273
0.333333333333333
0.230769230769231
0.222222222222222
0.0
0.125
0.230769230769231
0.125
0.266666666666667
0.166666666666667
0.25
0.166666666666667
0.125
0.181818181818182
0.230769230769231
0.2
0.230769230769231
0.133333333333333
0.0
0.0
0.2
0.2
0.230769230769231
0.272727272727273
0.272727272727273
0.0
0.2
0.0833333333333334
0.181818181818182
0.0
0.333333333333333
0.181818181818182
0.125
0.166666666666667
0.125
0.307692307692308
0.333333333333333
0.230769230769231
0.2
0.166666666666667
0.0
0.230769230769231
0.25
0.230769230769231
0.2
0.0
0.125
0.125
0.181818181818182
0.0833333333333334
0.125
0.0
0.222222222222222
0.25
0.125
0.333333333333333
0.125
0.125
0.0
0.166666666666667
0.230769230769231
0.125
0.3
0.461538461538462
0.125
0.0
0.0
0.0909090909090909
0.0909090909090909
0.0909090909090909
