HEURISTIC ELAPSED TIME: 1200.189
Parameters:
verbose => false
logfile => 
source => http://localhost:8890/sparql?default-graph-uri=http://nytimes.org
target => http://localhost:8895/sparql?default-graph-uri=http://freebase.org
class =>  <http://data.nytimes.com/elements/nytd_geo> 
append => a
format => txt
chunk => 150
topk => 1
offset => 0
stringthreshold => 0.7
usepivot => true
blocking => true
transitionupdate => false
globalrecall => true
aligner => HierarchicalClusterAligner
ranker => TimeBasedTransitionRanking
selector => DecisionTreeSelectionAlgorithm
searcher => Baseline
learningpercent => 0.2
transitionfailurerate => 1.0
qconly => false
sparqllimit => 50
name => S-based
$shuffle
true
$orderbyclause

$orderby

 & S-based  & 3 & 3.0   & 37.41  & 1132.03 & 80.36 & 60.36 & 68.94  \\ 
LEARNING TIME: 37.408
SEARCH TIME: 1132.028
MATCHER TIME: 63.526
TOTAL TIME: 1232.96
PAIR COMPLETENESS: 0.603645833333333
RECALL: 0.568229166666667
PRECISON: 0.88197251414713
FMEASURE: 0.691162496040545
FOUND INSTANCES: 1236
NUMBER QUERIES: 5760
RATIO NUMBER QUERIES / INSTANCES: 3.0
RATIO QUERIES/POSITIVES: 0.405381944444444
RATIO QUERIES/NEGATIVES: 0.594618055555556
NUMBER HOMONYMS: 1538
RATIO HOMONYMS/INSTANCES: 1.24433656957929
INSTANCES / HOMONYMS RATIO: 0.803641092327698
SORTED LIST OF HOMONYMS: 1	1	1	1	1	1	1	1	1	1	1	1	1	1	1	1	1	1	1	1	1	1	1	1	1	1	1	1	1	1	1	1	1	1	1	1	1	1	1	1	1	1	1	1	1	1	1	1	1	1	1	1	1	1	1	1	1	1	1	1	1	1	1	1	1	1	1	1	1	1	1	1	1	1	1	1	1	1	1	1	1	1	1	1	1	1	1	1	1	1	1	1	1	1	1	1	1	1	1	1	1	1	1	1	1	1	1	1	1	1	1	1	1	1	1	1	1	1	1	1	1	1	1	1	1	1	1	1	1	1	1	1	1	1	1	1	1	1	1	1	1	1	1	1	1	1	1	1	1	1	1	1	1	1	1	1	1	1	1	1	1	1	1	1	1	1	1	1	1	1	1	1	1	1	1	1	1	1	1	1	1	1	1	1	1	1	1	1	1	1	1	1	1	1	1	1	1	1	1	1	1	1	1	1	1	1	1	1	1	1	1	1	1	1	1	1	1	1	1	1	1	1	1	1	1	1	1	1	1	1	1	1	1	1	1	1	1	1	1	1	1	1	1	1	1	1	1	1	1	1	1	1	1	1	1	1	1	1	1	1	1	1	1	1	1	1	1	1	1	1	1	1	1	1	1	1	1	1	1	1	1	1	1	1	1	1	1	1	1	1	1	1	1	1	1	1	1	1	1	1	1	1	1	1	1	1	1	1	1	1	1	1	1	1	1	1	1	1	1	1	1	1	1	1	1	1	1	1	1	1	1	1	1	1	1	1	1	1	1	1	1	1	1	1	1	1	1	1	1	1	1	1	1	1	1	1	1	1	1	1	1	1	1	1	1	1	1	1	1	1	1	1	1	1	1	1	1	1	1	1	1	1	1	1	1	1	1	1	1	1	1	1	1	1	1	1	1	1	1	1	1	1	1	1	1	1	1	1	1	1	1	1	1	1	1	1	1	1	1	1	1	1	1	1	1	1	1	1	1	1	1	1	1	1	1	1	1	1	1	1	1	1	1	1	1	1	1	1	1	1	1	1	1	1	1	1	1	1	1	1	1	1	1	1	1	1	1	1	1	1	1	1	1	1	1	1	1	1	1	1	1	1	1	1	1	1	1	1	1	1	1	1	1	1	1	1	1	1	1	1	1	1	1	1	1	1	1	1	1	1	1	1	1	1	1	1	1	1	1	1	1	1	1	1	1	1	1	1	1	1	1	1	1	1	1	1	1	1	1	1	1	1	1	1	1	1	1	1	1	1	1	1	1	1	1	1	1	1	1	1	1	1	1	1	1	1	1	1	1	1	1	1	1	1	1	1	1	1	1	1	1	1	1	1	1	1	1	1	1	1	1	1	1	1	1	1	1	1	1	1	1	1	1	1	1	1	1	1	1	1	1	1	1	1	1	1	1	1	1	1	1	1	1	1	1	1	1	1	1	1	1	1	1	1	1	1	1	1	1	1	1	1	1	1	1	1	1	1	1	1	1	1	1	1	1	1	1	1	1	1	1	1	1	1	1	1	1	1	1	1	1	1	1	1	1	1	1	1	1	1	1	1	1	1	1	1	1	1	1	1	1	1	1	1	1	1	1	1	1	1	1	1	1	1	1	1	1	1	1	1	1	1	1	1	1	1	1	1	1	1	1	1	1	1	1	1	1	1	1	1	1	1	1	1	1	1	1	1	1	1	1	1	1	1	1	1	1	1	1	1	1	1	1	1	1	1	1	1	1	1	1	1	1	1	1	1	1	1	1	1	1	1	1	1	1	1	1	1	1	1	1	1	1	1	1	1	1	1	1	1	1	1	1	1	1	1	1	1	1	1	1	1	1	1	1	1	1	1	1	1	1	1	1	1	1	1	1	1	1	1	1	1	1	1	1	1	1	1	1	1	1	1	1	1	1	1	1	1	1	1	1	1	1	1	1	1	1	1	1	1	1	1	1	1	1	1	1	1	1	1	1	1	1	1	1	1	1	1	1	1	1	1	1	1	1	1	1	1	1	1	1	1	1	1	1	1	1	1	1	1	1	1	1	1	1	1	1	1	1	1	1	1	1	1	1	1	1	1	1	1	1	1	1	1	1	1	1	1	1	1	1	1	1	1	1	1	1	1	1	1	1	1	1	1	1	1	1	1	1	1	1	1	1	1	1	1	1	1	1	1	1	1	1	1	1	1	1	1	1	1	1	1	1	1	1	1	1	1	1	1	1	1	1	1	1	1	1	1	1	1	1	1	1	1	1	1	1	1	1	1	1	1	1	1	1	1	1	1	1	1	1	1	1	1	1	1	1	1	2	2	2	2	2	2	2	2	2	2	2	2	2	2	2	2	2	2	2	2	2	2	2	2	2	2	2	2	2	2	2	2	2	2	2	2	2	2	2	2	2	2	2	2	2	2	2	2	2	2	2	2	2	2	2	2	2	2	2	2	2	2	2	2	2	2	2	2	2	2	2	2	2	2	2	2	2	2	2	2	2	2	2	2	2	2	2	2	2	2	2	2	2	2	2	2	2	2	2	2	2	2	2	2	2	2	2	2	2	2	2	2	2	2	2	2	2	2	2	2	2	2	2	2	2	2	2	2	2	2	2	2	2	2	2	2	2	2	2	2	2	2	2	2	2	2	2	2	2	2	2	2	2	2	2	2	2	2	2	2	2	2	2	2	2	2	2	2	2	2	2	2	2	2	2	2	3	3	3	3	3	3	3	3	3	3	3	3	3	3	3	3	3	3	3	3	3	3	3	3	3	3	3	3	3	3	3	3	3	3	3	4	4	4	4	4	4	4	4	4	4	4	4	5	5	5	5	5
LIST OF HOMONYMS: 3	1	1	1	1	1	1	2	1	2	1	1	1	1	1	1	1	1	1	1	2	1	1	1	1	1	2	1	2	4	1	1	1	1	4	1	1	1	1	3	1	1	1	3	2	1	1	1	1	1	1	1	1	1	1	1	1	1	1	1	1	1	1	2	1	2	1	1	1	1	1	1	2	2	1	2	2	1	1	1	1	1	1	1	3	1	1	1	4	1	3	1	1	2	1	1	1	1	1	1	1	1	1	1	1	2	1	1	1	1	1	1	1	3	5	1	1	2	2	1	1	1	1	1	1	1	1	1	1	2	1	1	1	1	1	2	1	1	1	1	1	1	1	3	1	1	1	1	1	1	1	1	1	1	2	1	1	1	2	1	1	1	1	1	1	1	1	1	2	1	1	2	2	3	1	2	1	1	3	1	2	2	1	1	1	1	1	1	1	1	1	1	2	1	1	1	3	1	1	1	1	1	2	1	1	1	1	1	1	2	2	1	1	1	1	1	1	2	1	1	1	4	1	1	1	2	1	1	1	1	2	1	1	1	1	1	1	1	2	1	1	1	1	2	1	2	1	2	3	1	1	1	2	1	2	2	1	1	2	1	1	1	1	1	1	1	1	3	1	2	1	1	1	1	1	1	1	1	2	1	2	1	1	1	1	2	1	1	1	1	1	2	2	1	1	1	1	1	2	1	1	1	2	1	1	1	1	1	1	1	1	1	1	2	1	1	2	2	1	2	1	1	1	1	2	1	2	2	1	1	2	2	1	2	1	3	1	1	1	1	2	1	3	2	1	1	1	1	1	1	1	1	1	1	1	1	1	1	1	1	1	1	1	2	1	1	1	1	1	1	1	1	1	1	1	1	2	3	1	1	1	1	1	1	2	3	3	1	2	1	2	1	1	1	1	1	1	1	1	2	2	1	1	1	1	1	1	1	1	3	1	1	1	2	1	1	1	1	1	1	1	1	1	1	1	3	1	1	1	3	3	2	1	2	1	1	1	1	1	1	1	2	1	1	2	1	1	3	2	1	1	1	1	1	3	1	2	1	1	1	1	1	1	1	1	1	1	2	1	1	3	1	1	1	1	1	1	1	2	1	2	2	1	1	1	1	1	1	1	1	1	2	1	1	1	1	1	1	1	1	1	1	2	1	1	1	1	1	1	2	2	2	1	2	2	1	1	1	1	2	1	1	5	1	1	1	1	1	1	1	1	1	1	1	1	1	2	1	1	1	1	1	1	1	2	1	1	1	1	1	1	2	1	2	1	1	1	1	1	1	1	1	1	1	1	1	1	1	1	1	1	2	1	3	1	1	1	1	1	1	1	1	1	1	1	1	2	1	1	1	2	1	1	1	1	3	1	1	1	2	3	1	1	1	1	1	1	1	1	1	1	1	2	2	1	1	1	1	1	2	1	1	1	1	2	1	2	1	1	1	1	1	1	1	1	1	2	1	1	4	1	2	1	1	1	1	1	1	1	2	1	1	1	1	1	1	1	1	1	1	1	2	1	2	1	2	1	1	1	1	1	1	1	1	1	1	1	1	1	4	1	1	1	1	1	1	2	1	1	2	1	1	1	1	1	1	1	1	1	1	1	1	2	1	1	1	1	1	1	1	2	2	1	1	1	1	1	1	1	1	1	2	1	1	1	1	1	1	1	1	1	1	1	1	1	1	1	2	1	1	5	1	1	2	1	1	1	1	1	1	1	2	1	1	1	1	1	1	2	1	1	2	2	1	1	1	1	1	1	1	1	1	1	1	1	1	1	1	1	2	1	1	1	1	1	1	1	1	1	1	1	1	2	2	1	1	1	2	1	1	1	1	1	1	2	2	1	1	1	2	1	1	1	1	1	1	1	1	2	1	1	1	1	1	1	1	2	1	1	1	1	1	1	1	1	1	1	1	1	1	1	1	1	1	1	1	1	1	1	1	1	1	1	2	1	4	1	1	1	2	2	1	1	1	1	1	1	1	1	1	1	1	1	1	2	1	2	1	1	1	2	2	1	1	1	1	1	1	1	1	1	1	2	1	1	1	2	1	1	1	1	1	1	1	1	4	2	1	2	1	1	1	2	1	2	1	1	1	1	1	1	1	1	1	1	1	1	1	1	1	1	1	1	1	1	1	2	2	2	1	1	1	2	1	1	1	1	1	4	1	2	1	2	1	2	1	3	1	1	1	1	4	1	1	1	1	1	1	5	3	1	1	1	1	1	2	1	1	1	1	1	1	1	1	1	1	1	1	1	1	3	2	1	1	1	1	1	2	1	1	1	1	1	1	1	1	1	1	1	1	1	1	1	1	1	1	1	1	1	1	1	1	1	1	2	1	1	1	1	1	1	2	1	5	2	2	1	1	2	1	1	1	1	1	1	1	1	1	2	1	1	1	1	4	1	1	1	1	1	1	1	1	1	1	1	2	3	3	2	1	1	1	1	1	3	1	1	2	1	1	1	1	1	1	1	1	1	1	1	1	1	1	2	1	1	1	1	1	2	1	1	1	1	1	1	1	1	1	1	1	1	1	1	1	2	1	1	1	2	1	1	1	1	1	1	1	1	1	1	1	1	1	1	1	1	1	1	1	1	1	1	1	1	1	2	1	1	1	1	1	1	1	1	1	1	1	1	2	1	1	1	1	1	1	1	1	1	1	1	3	1	1	2	1	1	1	1	1	1	1	1	1	1	1	1	2	2	2	1	2	1	1	1	1	1	1	1	2	1	1	1	1	3	1	2	1	1	1	1	2	1	1	1	1	1	1	4	1	2	1	1	1	1	1	1	1	1	1	1	1	2	2	1	1	1	1
ELAPSED TIME S: 1239.355
ELAPSED TIME M: 20.6559166666667
