NaN
0.05
0.0909090909090909
0.0588235294117647
0.1
0.333333333333333
0.166666666666667
0.1
0.1
0.0769230769230769
0.0714285714285714
0.1
0.0909090909090909
0.272727272727273
0.2
0.0
0.2
0.25
0.181818181818182
0.117647058823529
0.0666666666666666
0.05
0.0769230769230769
0.25
0.0769230769230769
0.0909090909090909
0.0909090909090909
0.0588235294117647
0.166666666666667
0.0588235294117647
0.05
0.0714285714285714
0.0909090909090909
0.25
0.25
0.117647058823529
0.0909090909090909
0.181818181818182
0.153846153846154
0.25
0.176470588235294
0.0909090909090909
0.5
0.230769230769231
0.0909090909090909
0.230769230769231
0.153846153846154
0.0
0.117647058823529
0.2
0.0588235294117647
0.25
0.153846153846154
0.0769230769230769
0.117647058823529
0.25
0.117647058823529
0.25
0.272727272727273
0.0909090909090909
0.142857142857143
0.0909090909090909
0.2
0.153846153846154
0.0
0.2
0.153846153846154
0.0769230769230769
0.285714285714286
0.153846153846154
0.285714285714286
0.0769230769230769
0.0769230769230769
0.117647058823529
0.25
0.0714285714285714
0.176470588235294
0.285714285714286
0.0909090909090909
0.0
0.0909090909090909
0.117647058823529
0.0909090909090909
0.25
0.0769230769230769
0.117647058823529
0.0769230769230769
0.25
0.153846153846154
0.25
0.117647058823529
0.1
0.153846153846154
0.3
0.0909090909090909
0.125
0.1
0.272727272727273
0.0909090909090909
0.125
0.142857142857143
0.153846153846154
0.0909090909090909
0.0588235294117647
0.0
0.125
0.2
0.263157894736842
0.153846153846154
0.222222222222222
0.176470588235294
0.153846153846154
0.0909090909090909
0.0
0.0
0.176470588235294
0.153846153846154
0.153846153846154
0.176470588235294
0.181818181818182
0.153846153846154
0.0
0.153846153846154
0.125
0.176470588235294
0.153846153846154
0.0
0.176470588235294
0.2
0.125
0.176470588235294
0.153846153846154
0.0909090909090909
0.125
0.117647058823529
0.142857142857143
0.285714285714286
0.285714285714286
0.176470588235294
0.153846153846154
0.181818181818182
0.142857142857143
0.2
0.153846153846154
0.176470588235294
0.153846153846154
0.176470588235294
0.181818181818182
0.15
0.25
0.0909090909090909
0.153846153846154
0.125
0.0909090909090909
0.1
0.0909090909090909
0.176470588235294
0.125
0.0909090909090909
0.153846153846154
0.0909090909090909
0.176470588235294
0.142857142857143
0.176470588235294
0.0909090909090909
0.181818181818182
0.0909090909090909
0.0909090909090909
0.125
0.25
0.0909090909090909
0.125
0.153846153846154
0.2
0.25
0.0909090909090909
0.153846153846154
0.2
0.176470588235294
0.0909090909090909
0.176470588235294
0.0909090909090909
0.125
0.142857142857143
0.285714285714286
0.2
0.125
0.384615384615385
0.176470588235294
0.181818181818182
0.125
0.176470588235294
0.285714285714286
0.153846153846154
0.153846153846154
0.125
0.0909090909090909
0.153846153846154
0.153846153846154
0.176470588235294
0.0909090909090909
0.125
0.285714285714286
0.153846153846154
0.125
0.153846153846154
0.181818181818182
0.153846153846154
0.2
0.285714285714286
0.125
0.176470588235294
0.2
0.0909090909090909
0.142857142857143
0.0909090909090909
0.0909090909090909
0.0769230769230769
0.125
0.153846153846154
0.176470588235294
0.1
0.0909090909090909
0.117647058823529
0.117647058823529
0.0769230769230769
0.0
0.117647058823529
0.142857142857143
0.0769230769230769
0.117647058823529
0.2
0.0
0.0
0.25
0.117647058823529
0.272727272727273
0.117647058823529
0.0
0.25
0.214285714285714
0.117647058823529
0.0
0.125
0.125
0.1
0.15
0.1
0.0769230769230769
0.117647058823529
0.15
0.176470588235294
0.0
0.3
0.117647058823529
0.117647058823529
0.117647058823529
