NaN
0.933333333333333
0.142857142857143
0.125
0.266666666666667
0.25
0.111111111111111
0.125
0.125
0.111111111111111
0.125
0.2
0.0
0.2
0.125
0.181818181818182
0.111111111111111
0.2
0.125
0.0
0.111111111111111
0.0666666666666666
0.0
0.142857142857143
0.166666666666667
0.125
0.1
0.0
0.166666666666667
0.0
0.0666666666666666
0.125
0.125
0.2
0.2
0.0
0.1
0.1
0.111111111111111
0.2
0.0833333333333334
0.1
0.2
0.166666666666667
0.2
0.111111111111111
0.166666666666667
0.125
0.0
0.2
0.0
0.2
0.0
0.111111111111111
0.0
0.142857142857143
0.0
0.2
0.2
0.125
0.111111111111111
0.1
0.166666666666667
0.111111111111111
0.125
0.125
0.0
0.125
0.0833333333333334
0.222222222222222
0.125
0.111111111111111
0.0
0.0
0.142857142857143
0.125
0.0
0.125
0.125
0.125
