HEURISTIC ELAPSED TIME: 1077.157
Parameters:
verbose => false
logfile => 
source => http://localhost:8890/sparql?default-graph-uri=http://nytimes.org
target => http://localhost:8895/sparql?default-graph-uri=http://freebase.org
class =>  <http://data.nytimes.com/elements/nytd_geo> 
append => a
format => txt
chunk => 150
topk => 1
offset => 0
stringthreshold => 0.7
usepivot => true
blocking => true
transitionupdate => false
globalrecall => true
aligner => HierarchicalClusterAligner
ranker => TimeBasedTransitionRanking
selector => DecisionTreeSelectionAlgorithm
searcher => Baseline
learningpercent => 0.2
transitionfailurerate => 1.0
qconly => false
$shuffle
true
$orderbyclause

$orderby

LATEX 2342 & 0.777604166666667 & 5.0 & 1.51585760517799 & 1103.205
PAIR COMPLETENESS: 0.777604166666667
RECALL: 0.6890625
PRECISON: 0.85631067961165
FMEASURE: 0.763636363636364
NUMBER QUERIES: 9600
RATIO NUMBER QUERIES/INSTANCES: 5.0
RATIO QUERIES/POSITIVES: 0.207395833333333
RATIO QUERIES/NEGATIVES: 0.792604166666667
NUMBER HOMONYMS: 2342
RATIO HOMONYMS/INSTANCES: 1.51585760517799
SORTED LIST OF HOMONYMS: 1	1	1	1	1	1	1	1	1	1	1	1	1	1	1	1	1	1	1	1	1	1	1	1	1	1	1	1	1	1	1	1	1	1	1	1	1	1	1	1	1	1	1	1	1	1	1	1	1	1	1	1	1	1	1	1	1	1	1	1	1	1	1	1	1	1	1	1	1	1	1	1	1	1	1	1	1	1	1	1	1	1	1	1	1	1	1	1	1	1	1	1	1	1	1	1	1	1	1	1	1	1	1	1	1	1	1	1	1	1	1	1	1	1	1	1	1	1	1	1	1	1	1	1	1	1	1	1	1	1	1	1	1	1	1	1	1	1	1	1	1	1	1	1	1	1	1	1	1	1	1	1	1	1	1	1	1	1	1	1	1	1	1	1	1	1	1	1	1	1	1	1	1	1	1	1	1	1	1	1	1	1	1	1	1	1	1	1	1	1	1	1	1	1	1	1	1	1	1	1	1	1	1	1	1	1	1	1	1	1	1	1	1	1	1	1	1	1	1	1	1	1	1	1	1	1	1	1	1	1	1	1	1	1	1	1	1	1	1	1	1	1	1	1	1	1	1	1	1	1	1	1	1	1	1	1	1	1	1	1	1	1	1	1	1	1	1	1	1	1	1	1	1	1	1	1	1	1	1	1	1	1	1	1	1	1	1	1	1	1	1	1	1	1	1	1	1	1	1	1	1	1	1	1	1	1	1	1	1	1	1	1	1	1	1	1	1	1	1	1	1	1	1	1	1	1	1	1	1	1	1	1	1	1	1	1	1	1	1	1	1	1	1	1	1	1	1	1	1	1	1	1	1	1	1	1	1	1	1	1	1	1	1	1	1	1	1	1	1	1	1	1	1	1	1	1	1	1	1	1	1	1	1	1	1	1	1	1	1	1	1	1	1	1	1	1	1	1	1	1	1	1	1	1	1	1	1	1	1	1	1	1	1	1	1	1	1	1	1	1	1	1	1	1	1	1	1	1	1	1	1	1	1	1	1	1	1	1	1	1	1	1	1	1	1	1	1	1	1	1	1	1	1	1	1	1	1	1	1	1	1	1	1	1	1	1	1	1	1	1	1	1	1	1	1	1	1	1	1	1	1	1	1	1	1	1	1	1	1	1	1	1	1	1	1	1	1	1	1	1	1	1	1	1	1	1	1	1	1	1	1	1	1	1	1	1	1	1	1	1	1	1	1	1	1	1	1	1	1	1	1	1	1	1	1	1	1	1	1	1	1	1	1	1	1	1	1	1	1	1	1	1	1	1	1	1	1	1	1	1	1	1	1	1	1	1	1	1	1	1	1	1	1	1	1	1	1	1	1	1	1	1	1	1	1	1	1	1	1	1	1	1	1	1	1	1	1	1	1	1	1	1	1	1	1	1	1	1	1	1	1	1	1	1	1	1	1	1	1	1	1	1	1	1	1	1	1	1	1	1	1	1	1	1	1	1	1	1	1	1	1	1	1	1	1	1	1	1	1	1	1	1	1	1	1	1	1	1	1	1	1	1	1	1	1	1	1	1	1	1	1	1	1	1	1	1	1	1	1	1	1	1	1	1	1	1	1	1	1	1	1	1	1	1	1	1	1	1	1	1	1	1	1	1	1	1	1	1	1	1	1	1	1	1	1	1	1	1	1	1	1	1	1	1	1	1	1	1	1	1	1	1	1	1	1	1	1	1	1	1	1	1	1	1	1	1	1	1	1	1	1	1	1	1	1	1	1	1	1	1	1	1	1	1	1	1	1	1	1	1	1	1	1	1	1	1	1	1	1	1	1	1	1	1	1	1	1	1	1	1	1	1	1	1	1	1	1	1	1	1	1	1	1	1	1	1	1	1	1	1	1	1	1	1	1	1	1	1	1	1	1	1	1	1	1	1	1	1	1	1	1	1	1	1	1	1	1	1	1	1	1	1	1	1	1	1	1	1	1	1	1	1	1	1	1	1	1	1	1	1	1	1	1	1	1	1	1	1	1	1	1	1	1	1	1	1	1	1	1	1	1	1	1	1	1	1	1	1	1	1	1	1	1	1	1	1	1	1	1	1	1	1	1	1	1	1	1	1	1	1	1	1	1	1	1	1	1	1	1	1	1	1	1	1	1	1	1	1	1	1	1	1	1	1	1	1	1	1	1	1	1	1	1	1	1	1	1	1	1	1	1	1	1	1	1	1	1	1	1	1	1	1	1	1	1	1	1	1	1	1	1	1	1	1	1	1	1	1	1	1	1	1	1	1	1	1	1	1	1	1	1	1	1	1	1	1	1	1	1	1	1	1	1	1	1	1	1	1	1	1	1	1	1	1	1	1	1	1	1	1	1	1	1	1	1	1	1	1	1	1	1	1	1	1	1	1	1	1	1	1	1	1	1	1	1	1	1	1	1	1	1	1	1	1	2	2	2	2	2	2	2	2	2	2	2	2	2	2	2	2	2	2	2	2	2	2	2	2	2	2	2	2	2	2	2	2	2	2	2	2	2	2	2	2	2	2	2	2	2	2	2	2	2	2	2	2	2	2	2	2	2	2	2	2	2	2	2	2	2	2	2	2	2	2	2	2	2	2	2	2	2	2	2	2	2	2	2	2	2	2	2	2	2	2	2	2	2	2	2	2	2	2	2	2	2	2	2	2	2	2	2	2	2	2	2	2	2	2	2	2	2	2	2	2	2	2	2	2	2	2	2	2	2	2	2	2	2	2	2	2	2	2	2	2	2	2	2	2	2	2	2	2	2	2	2	2	2	2	2	2	2	2	2	2	2	2	2	2	2	2	2	2	2	2	2	2	2	2	2	2	2	2	2	2	2	2	2	2	2	2	2	2	2	2	2	2	2	2	2	2	2	2	2	2	2	2	2	2	2	2	2	2	2	2	2	2	2	2	2	2	2	2	2	2	2	2	2	2	2	2	2	2	2	2	2	2	2	2	2	2	2	2	2	2	2	2	2	2	2	2	2	2	2	2	2	2	2	2	2	2	2	2	2	2	2	2	2	2	2	2	2	2	2	2	2	2	2	2	2	2	2	2	2	2	2	2	2	2	2	2	2	2	2	2	2	2	2	2	2	2	2	2	2	2	2	2	2	2	2	2	2	2	2	2	2	2	2	2	2	2	2	2	2	2	2	2	2	2	2	2	2	2	2	2	2	2	2	2	2	2	2	2	2	2	2	2	2	2	2	2	2	2	2	2	2	2	2	2	2	2	2	2	2	2	2	2	2	2	2	2	2	2	2	2	2	2	2	2	2	2	2	2	2	2	3	3	3	3	3	3	3	3	3	3	3	3	3	3	3	3	3	3	3	3	3	3	3	3	3	3	3	3	3	3	3	3	3	3	3	3	3	3	3	3	3	3	3	3	3	3	3	3	3	3	3	3	3	3	3	3	3	3	3	3	3	3	3	3	3	3	3	3	3	3	3	3	3	3	3	3	3	3	3	3	3	3	3	3	3	3	3	3	3	3	3	3	3	3	3	3	3	3	3	3	3	3	3	3	3	3	3	3	3	3	3	3	3	3	3	4	4	4	4	4	4	4	4	4	4	4	4	4	4	4	4	4	4	4	4	4	4	4	4	4	4	4	4	5	5	5	5	5	5	5	5	5	5	7	7	7
LIST OF HOMONYMS: 3	1	2	1	1	2	1	1	1	1	3	1	2	1	2	1	1	1	2	1	1	1	2	1	2	2	1	2	2	1	1	1	2	1	2	1	2	4	1	1	1	1	2	1	1	2	1	7	1	1	2	2	1	1	3	1	1	3	2	1	1	3	1	2	1	1	2	1	1	1	1	1	1	2	3	2	1	1	1	2	2	1	1	1	1	2	1	2	3	2	1	1	1	1	2	1	1	1	1	2	2	1	1	1	3	1	1	4	1	3	1	1	1	1	2	2	1	1	1	2	2	1	1	1	3	1	1	1	1	3	1	1	1	1	2	1	1	1	3	5	1	4	1	1	3	3	1	1	1	1	1	1	1	2	3	1	1	3	1	1	1	2	1	1	1	1	1	1	3	1	1	2	3	1	1	1	1	1	1	3	1	2	2	2	2	1	1	1	1	2	1	1	2	1	2	1	3	2	1	2	2	2	3	1	2	3	1	1	1	1	1	1	1	2	2	2	1	3	1	1	3	1	1	3	1	2	2	1	1	1	1	2	1	2	2	1	1	1	2	1	1	1	2	3	1	1	3	1	2	5	1	1	3	2	1	3	2	1	1	1	2	2	1	1	1	1	1	1	1	2	1	1	2	1	4	2	1	1	1	2	1	2	1	2	1	1	2	2	1	1	1	2	1	1	1	3	1	1	3	1	3	1	2	1	3	1	1	1	3	1	1	1	1	2	1	2	1	1	3	1	1	1	1	1	1	2	1	3	1	2	2	1	1	1	1	3	2	1	1	1	1	2	1	3	1	4	1	2	1	2	1	1	1	1	2	1	1	1	1	1	1	2	2	1	1	1	1	1	3	2	2	2	2	1	1	1	2	1	1	1	3	1	2	3	1	1	1	1	1	1	1	1	2	1	1	3	1	1	2	1	2	1	1	2	1	3	1	4	2	1	2	1	1	4	2	1	1	3	3	2	1	3	2	1	2	5	2	1	1	2	1	3	1	2	2	1	3	1	1	1	1	1	1	1	1	1	2	1	1	2	1	1	1	1	2	1	1	1	1	1	1	1	1	1	1	2	3	1	3	1	1	1	3	1	1	2	1	2	3	1	1	3	3	1	1	1	2	4	3	1	2	3	2	3	2	1	2	1	1	2	1	1	1	1	1	1	2	1	2	2	1	1	1	2	1	2	3	1	2	1	2	1	2	1	2	1	1	1	2	1	2	2	1	1	1	3	2	1	1	1	2	3	3	2	1	2	1	1	1	1	1	2	2	1	1	1	2	1	1	1	1	2	1	2	3	1	1	2	1	1	1	1	2	3	2	2	1	3	1	1	1	1	1	1	1	1	2	1	1	1	1	1	2	2	1	4	2	1	1	1	1	2	1	2	2	2	2	1	4	1	2	1	1	1	1	1	1	1	1	1	1	1	2	1	1	1	1	1	1	4	1	1	1	1	1	1	1	1	1	1	2	1	1	1	1	1	1	1	1	1	1	1	2	1	2	1	1	5	2	1	1	1	1	3	1	1	5	1	1	1	2	1	1	1	1	1	2	1	1	1	1	2	1	2	1	1	2	2	1	2	1	2	1	2	3	2	2	1	1	1	1	4	2	1	1	1	1	1	1	1	2	1	1	1	1	2	1	1	1	4	1	1	1	1	1	2	1	2	1	1	2	2	1	2	1	1	1	1	1	1	1	1	3	1	1	2	1	1	3	1	2	1	1	2	2	1	2	1	1	1	2	1	2	1	1	3	1	1	1	4	1	3	1	2	1	1	1	1	1	1	1	1	1	3	1	1	1	2	2	1	1	1	1	2	2	1	2	1	1	1	1	1	2	2	2	2	1	2	1	2	1	1	1	1	2	1	2	1	1	2	1	1	2	4	1	2	1	1	1	1	1	1	1	1	2	1	1	1	1	2	2	1	2	1	1	1	2	1	1	2	3	1	2	1	1	1	2	1	2	2	1	1	2	1	1	1	1	1	1	1	1	1	1	2	1	5	1	1	1	3	4	2	1	1	1	2	1	1	1	1	2	1	2	1	1	1	1	1	1	2	1	1	1	1	1	1	2	1	1	1	2	2	1	1	1	3	2	1	2	2	1	1	4	1	1	1	1	1	1	1	1	1	1	2	1	2	1	1	2	1	1	1	1	1	1	1	1	1	1	2	1	1	1	1	1	2	1	2	5	1	1	1	2	3	1	1	1	1	1	1	2	3	1	1	1	1	2	1	1	2	2	2	1	2	2	1	1	2	1	1	1	1	1	1	1	1	1	3	1	2	1	1	1	3	4	4	1	1	1	1	2	1	1	2	1	1	1	1	3	1	1	1	2	2	2	1	2	2	2	1	1	1	1	1	1	2	3	3	1	1	2	1	2	1	1	1	1	1	1	1	2	2	1	2	1	1	1	3	2	3	1	2	1	2	1	1	3	1	2	1	1	1	1	1	1	1	1	2	3	1	2	1	1	1	1	1	1	3	1	1	1	1	2	2	1	1	1	1	1	1	1	2	3	1	4	1	1	2	1	1	1	3	1	1	1	1	2	1	2	1	1	1	1	2	1	1	3	1	2	1	1	1	1	2	2	1	2	2	1	1	1	1	1	5	1	1	1	1	1	1	2	2	1	2	1	1	2	1	1	1	2	1	1	1	1	1	7	2	1	2	3	2	1	1	1	2	2	1	1	2	2	1	1	1	2	1	2	2	1	1	1	2	1	1	1	1	1	1	1	1	1	1	1	1	1	1	3	2	1	1	1	1	1	1	1	1	1	1	2	1	1	1	1	1	1	4	1	2	1	3	2	1	3	1	1	1	3	1	1	2	1	4	4	1	1	1	1	1	5	3	1	1	2	2	1	1	2	1	1	1	1	1	2	2	1	2	1	2	1	2	2	4	2	1	3	2	1	1	2	1	2	1	1	2	1	1	1	2	1	1	2	1	1	2	2	1	1	2	1	2	1	1	1	3	1	2	2	2	1	2	1	1	1	2	1	2	2	7	2	2	1	1	4	1	1	3	1	1	1	2	2	1	1	1	1	1	1	1	2	2	1	3	2	3	1	4	1	1	1	1	1	1	1	4	1	2	1	2	3	3	1	1	2	3	1	2	1	3	1	1	1	2	3	1	1	3	1	1	1	1	3	2	1	1	1	1	1	1	1	1	1	1	1	1	1	1	2	2	1	1	1	1	1	3	1	2	2	1	1	1	1	1	1	1	1	1	1	1	1	1	1	1	2	2	2	1	1	1	2	1	1	2	2	1	2	2	1	2	2	1	2	1	2	1	1	1	1	1	2	1	1	1	1	1	3	1	2	1	1	2	1	1	1	1	2	1	1	1	1	1	1	1	1	1	1	1	1	1	1	3	1	1	2	2	1	2	2	1	1	1	1	3	1	1	1	1	1	3	1	1	1	2	2	2	1	1	1	1	1	1	1	1	1	2	1	1	1	1	1	1	1	2	4	1	2	3	2	1	1	1	1	1	1	1	3	2	1	1	1	1	2	3	2	2	1	1	2	2	2	2	1	1	1	1	1	2	1	1	5	1	2	1	1	1	1	2	1	1	1	2	1	1	1	1	1	2	1	2	2	1	1	1	1	1	1	1	1	1	1	1
ELAPSED TIME S: 1103.208
ELAPSED TIME M: 18.3868
