HEURISTIC ELAPSED TIME: 2204.307
Parameters:
verbose => false
logfile => 
source => http://localhost:8891/sparql?default-graph-uri=http://sider.org
target => http://dbpedia.org/sparql?default-graph-uri=http://dbpedia.org
class =>  <http://www4.wiwiss.fu-berlin.de/sider/resource/sider/drugs> 
append => a
format => txt
chunk => 15
topk => 1
offset => 0
stringthreshold => 0.7
usepivot => true
blocking => true
transitionupdate => false
globalrecall => true
$shuffle
true
$orderbyclause

$orderby

RECALL: 0.171636845593108
PRECISON: 0.344873501997337
FMEASURE: 0.229203539823009
NUMBER HOMONYMS: 1798
SORTED LIST OF HOMONYMS: 1	1	1	1	1	1	1	1	1	1	1	1	1	1	1	1	1	1	1	1	1	1	1	1	1	1	1	1	1	1	1	1	1	1	1	1	1	1	1	1	1	1	1	1	1	1	1	1	1	1	1	1	1	1	1	1	1	1	1	1	1	1	1	1	1	1	1	1	1	1	1	1	1	1	1	1	1	1	1	1	1	1	1	1	1	1	1	1	1	1	1	1	1	1	1	1	1	1	1	1	1	1	1	1	1	1	1	1	1	1	1	1	1	1	1	1	1	1	1	1	1	1	1	1	1	1	1	1	1	1	1	1	1	1	1	1	1	1	1	1	1	1	1	1	1	1	1	1	1	1	1	1	1	1	1	1	1	1	1	1	1	1	1	1	1	1	1	1	1	1	1	1	1	1	1	1	1	1	1	1	1	1	1	1	1	1	1	1	1	1	1	1	1	1	1	1	1	1	1	1	1	1	1	1	1	1	1	1	1	1	1	1	1	1	1	1	1	1	1	1	1	1	1	1	1	1	1	1	1	1	1	1	1	1	1	1	1	1	1	1	1	1	1	1	1	1	1	1	1	1	1	1	1	1	1	1	1	1	1	1	1	1	1	1	1	1	1	1	1	1	1	1	1	1	2	2	2	2	2	2	2	2	2	2	2	2	2	2	2	2	2	2	2	2	2	2	2	2	2	2	2	2	2	2	2	2	2	2	2	2	2	2	2	2	2	2	2	2	2	2	2	2	2	2	2	2	2	2	2	2	2	2	2	2	2	2	2	2	2	2	2	2	2	2	2	2	2	2	2	2	2	2	2	2	2	2	2	2	2	2	2	2	2	2	2	2	2	2	2	2	2	2	2	2	2	2	2	2	2	2	2	2	2	2	2	2	2	2	2	2	2	2	2	2	2	2	2	2	2	2	2	2	2	2	2	2	2	2	2	2	2	2	2	2	2	2	2	2	2	2	2	2	2	2	2	2	2	2	2	2	2	2	2	2	2	2	2	2	2	2	2	2	2	2	2	2	2	2	2	2	2	2	2	2	2	2	2	2	2	2	2	2	2	2	2	2	2	2	2	2	2	2	2	2	2	2	2	2	2	2	2	2	2	2	2	2	2	2	2	2	2	2	2	2	2	2	2	2	2	2	2	2	2	2	2	2	2	2	2	2	2	2	2	2	2	2	2	2	2	2	2	2	2	2	2	2	2	2	2	2	2	2	2	2	2	2	2	2	2	2	2	2	2	2	2	2	2	2	2	2	2	2	2	2	2	2	2	2	2	2	2	2	2	2	2	2	2	2	2	2	2	2	2	2	2	2	2	2	2	2	2	2	2	2	2	2	2	2	2	2	2	2	2	2	2	2	2	2	2	2	2	2	2	2	2	2	2	2	2	2	2	2	2	2	2	2	2	2	2	2	2	2	2	2	2	2	2	2	2	2	2	2	2	2	2	2	2	2	2	2	2	2	2	2	2	2	2	2	2	2	2	2	2	2	2	2	2	2	2	2	2	2	2	2	3	3	3	3	3	3	3	3	3	3	3	3	3	3	3	3	3	3	3	3	3	3	3	3	3	3	3	3	3	3	3	3	3	3	3	3	3	3	3	3	3	3	3	3	3	3	3	3	3	3	3	3	3	3	3	3	3	3	3	3	3	3	3	3	3	3	3	3	3	3	3	3	3	3	3	3	3	3	3	3	3	3	3	3	3	3	3	3	3	3	3	3	3	3	3	3	3	3	3	3	3	3	3	3	3	3	3	3	3	3	3	3	3	3	3	3	4	4	4	4	4	4	4	4	4	4	4	4	4	4	4	4	4	4	4	4	4	4	4	4	4	4	4	4	4	5	5	5	5	5	5	5	5	5	5	5	5	5	5	5	5	5	5	5	6	6	6	6	6	6	6	6	6	7	7	7	7	7	8	8	8	10	10	11	11	14	16
LIST OF HOMONYMS: 3	3	3	2	2	2	2	2	5	4	2	3	3	2	3	4	3	2	4	2	2	2	3	2	3	2	2	6	4	2	3	8	3	2	2	4	4	2	2	3	2	1	2	3	3	5	6	3	3	2	2	3	1	2	3	1	1	1	1	2	1	2	2	1	2	2	2	1	1	1	1	2	1	2	2	1	4	1	1	11	3	5	3	11	2	2	2	3	2	2	3	2	2	2	2	2	2	3	2	3	2	2	1	3	2	2	2	2	2	3	2	4	2	3	2	1	2	1	2	1	1	2	2	3	2	1	1	2	2	1	2	2	2	1	3	1	2	3	2	2	1	1	2	1	5	1	2	2	1	1	2	2	1	2	2	1	2	1	1	2	1	2	1	1	1	1	1	2	2	2	2	2	2	2	3	10	2	5	2	6	2	2	1	2	4	2	2	5	2	1	2	2	2	2	2	2	1	2	2	2	7	2	2	2	1	1	1	1	2	2	2	2	2	4	1	2	1	2	2	2	1	2	3	3	6	2	2	4	1	2	3	1	1	2	3	1	2	1	1	1	2	5	1	2	2	1	2	1	1	2	2	4	3	1	1	1	1	1	1	1	2	2	1	2	2	5	1	2	2	1	4	2	3	4	2	2	4	2	2	2	2	8	2	3	2	2	2	3	2	2	2	2	2	2	2	2	3	3	2	3	2	3	3	2	3	2	3	2	5	2	2	2	1	2	2	2	1	1	2	1	2	2	1	2	1	1	2	1	1	1	2	1	2	1	4	5	2	1	6	1	4	2	2	2	2	2	2	3	2	5	2	3	2	2	2	3	3	3	2	2	2	2	3	2	3	2	2	1	2	1	1	2	2	2	1	1	1	2	1	1	2	1	1	2	2	1	2	1	4	16	1	1	2	2	1	3	1	2	2	1	2	1	2	1	2	2	1	2	2	1	1	1	2	2	1	1	1	1	1	1	3	1	1	1	2	2	2	6	1	1	2	1	2	2	1	1	1	1	3	3	2	2	2	2	2	3	2	2	1	2	2	1	2	5	1	2	2	8	2	2	3	2	1	3	2	2	1	1	1	3	2	1	2	2	2	1	1	1	2	2	2	1	2	5	4	2	2	3	2	2	4	2	2	2	1	2	2	2	1	2	1	1	2	4	1	1	3	2	1	2	2	3	2	1	2	1	4	2	4	2	2	2	2	1	3	3	2	2	2	2	2	3	2	2	1	2	1	1	1	3	1	2	3	1	1	2	2	1	1	2	1	1	1	2	1	2	1	2	2	2	1	3	2	3	2	1	2	2	1	1	1	1	2	1	2	3	2	1	1	1	3	6	1	2	1	1	2	3	3	3	3	3	3	3	3	2	2	3	2	2	2	1	3	2	2	3	2	2	2	2	3	2	4	2	1	2	3	2	1	1	1	1	1	1	1	1	1	2	2	2	2	2	1	3	1	3	2	4	1	2	2	2	2	7	3	4	7	14	1	3	4	6	10	3	2	3	2	3	2	2	5	2	2	3	1	2	3	3	1	3	2	2	2	2	3	2	2	2	5	2	2	2	3	1	1	1	1	1	2	1	1	2	3	1	1	3	1	1	1	1	1	1	1	2	2	4	1	2	2	1	5	2	1	5	1	3	1	1	2	2	1	1	1	1	2	1	2	1	1	1	1	2	1	1	2	1	3	2	1	1	2	1	2	2	2	2	2	3	2	3	2	2	2	2	1	4	3	2	2	2	1	1	2	2	2	1	1	5	1	1	1	2	1	2	1	2	1	3	1	3	1	2	3	1	3	2	2	3	2	1	1	2	2	3	6	1	1	5	2	1	2	2	2	1	2	3	1	1	7	1	1	1	2	2	2	2	7	1	1	1	1	2	2	2	2	1	1	2	2	1	1	1	1	2	1	3	1	1	2	2	1	1	2	3	1	1	3	1	1	2	1
ELAPSED TIME: 2220.701
