NaN
0.5
0.333333333333333
0.0
0.5
0.666666666666667
0.333333333333333
0.4
0.25
0.222222222222222
0.222222222222222
0.111111111111111
0.333333333333333
0.111111111111111
0.0
0.333333333333333
0.111111111111111
0.0
0.0
0.0
0.0714285714285714
0.333333333333333
0.0
0.0
0.0
0.333333333333333
0.333333333333333
0.111111111111111
0.111111111111111
0.333333333333333
0.111111111111111
0.0
0.222222222222222
0.0
0.111111111111111
0.111111111111111
0.0
0.111111111111111
0.111111111111111
0.111111111111111
0.111111111111111
