HEURISTIC ELAPSED TIME: 7626.663
Parameters:
verbose => false
logfile => 
source => http://localhost:8890/sparql?default-graph-uri=http://nytimes.org
target => http://lod.openlinksw.com/sparql?default-graph-uri=http://dbpedia.org
class =>  <http://data.nytimes.com/elements/nytd_geo> 
append => a
format => txt
chunk => 150
topk => 0
offset => 0
stringthreshold => 0.7
usepivot => true
blocking => true
transitionupdate => false
globalrecall => true
aligner => NoAligner
ranker => TimeBasedTransitionRanking
selector => DecisionTreeSelectionAlgorithm
searcher => Baseline
learningpercent => 0.1
transitionfailurerate => 1.0
qconly => false
$shuffle
true
$orderbyclause

$orderby

LATEX & 6.92 & 32.66 & 11.43  & 4 & 4.0   & 7642.49
PAIR COMPLETENESS: 0.3265625
RECALL: 0.269791666666667
PRECISON: 0.193934855859229
FMEASURE: 0.225658897843607
FOUND INSTANCES: 1017
NUMBER QUERIES: 7680
RATIO NUMBER QUERIES / INSTANCES: 4.0
RATIO QUERIES/POSITIVES: 0.141276041666667
RATIO QUERIES/NEGATIVES: 0.858723958333333
NUMBER HOMONYMS: 14687
RATIO HOMONYMS/INSTANCES: 14.4414945919371
INSTANCES / HOMONYMS RATIO: 0.0692449104650371
SORTED LIST OF HOMONYMS: 1	1	1	1	1	1	1	1	1	1	1	1	1	1	1	1	1	1	1	1	1	1	1	1	1	1	1	1	1	1	1	1	1	1	1	1	1	1	1	1	1	1	1	1	1	1	1	1	1	1	1	1	1	1	1	1	1	1	1	1	1	1	1	1	1	1	1	1	1	1	1	1	1	1	1	1	1	1	1	1	1	1	1	1	1	1	1	1	1	1	1	1	1	1	1	1	1	1	1	1	1	1	1	1	1	1	1	2	2	2	2	2	2	2	2	2	2	2	2	2	2	2	2	2	2	2	2	2	2	2	2	2	2	2	2	2	2	2	2	2	2	2	2	2	2	2	2	2	2	3	3	3	3	3	3	3	3	3	3	3	3	3	3	3	3	3	3	3	3	3	3	3	3	3	3	3	3	3	3	3	3	3	3	3	3	3	3	3	3	3	3	3	3	3	3	3	3	3	3	3	3	3	3	3	3	3	3	3	3	3	3	4	4	4	4	4	4	4	4	4	4	4	4	4	4	4	4	4	4	4	4	4	4	4	4	4	4	4	4	4	4	4	4	4	4	4	4	4	4	4	4	4	4	4	4	4	4	4	4	4	4	4	4	4	4	5	5	5	5	5	5	5	5	5	5	5	5	5	5	5	5	5	5	5	5	5	5	5	5	5	5	5	5	5	5	5	5	5	5	5	5	5	5	5	5	5	5	5	5	5	5	5	5	5	5	5	5	5	5	5	5	5	5	5	6	6	6	6	6	6	6	6	6	6	6	6	6	6	6	6	6	6	6	6	6	6	6	6	6	6	6	6	6	6	6	6	6	6	6	6	6	6	6	6	6	6	6	6	6	6	6	6	6	6	6	6	6	6	7	7	7	7	7	7	7	7	7	7	7	7	7	7	7	7	7	7	7	7	7	7	7	7	7	7	7	7	7	7	7	7	7	7	7	7	7	7	7	7	7	7	7	7	7	7	7	7	7	7	7	7	7	7	8	8	8	8	8	8	8	8	8	8	8	8	8	8	8	8	8	8	8	8	8	8	8	8	8	8	8	8	8	8	8	8	8	8	8	8	8	8	8	8	8	8	8	8	8	8	8	8	8	8	8	8	8	8	8	8	8	8	8	8	9	9	9	9	9	9	9	9	9	9	9	9	9	9	9	9	9	9	9	9	9	9	9	9	9	9	9	9	9	9	9	9	9	9	9	9	9	10	10	10	10	10	10	10	10	10	10	10	10	10	10	10	10	10	10	10	10	10	10	10	10	10	10	10	10	10	10	10	10	10	11	11	11	11	11	11	11	11	11	11	11	11	11	11	11	11	11	11	11	11	11	11	11	11	11	11	11	11	11	11	12	12	12	12	12	12	12	12	12	12	12	12	12	12	12	12	12	12	12	12	12	12	12	12	12	12	12	12	12	12	12	12	13	13	13	13	13	13	13	13	13	13	13	13	13	13	13	13	13	13	13	13	13	13	13	13	13	13	13	13	13	13	13	13	13	14	14	14	14	14	14	14	14	14	14	14	14	14	14	14	14	14	14	14	14	14	14	14	15	15	15	15	15	15	15	15	15	15	15	15	15	15	15	15	15	15	15	15	15	15	15	15	15	15	16	16	16	16	16	16	16	16	16	16	16	16	16	16	16	16	16	16	16	16	16	16	16	16	16	16	16	16	17	17	17	17	17	17	17	17	17	17	17	17	17	17	17	17	17	17	17	17	17	17	17	17	17	17	17	18	18	18	18	18	18	18	18	18	18	18	18	18	18	18	18	18	18	18	18	18	18	18	18	19	19	19	19	19	19	19	19	19	19	19	19	19	19	19	19	19	19	19	19	20	20	20	20	20	20	20	20	20	20	21	21	21	21	21	21	21	21	21	21	21	21	21	21	21	21	21	21	21	22	22	22	22	22	22	22	22	22	22	22	22	22	22	22	22	22	22	22	22	22	23	23	23	23	23	23	23	23	23	23	23	23	23	23	23	23	23	23	23	23	23	23	24	24	24	24	24	24	24	24	24	24	24	24	24	25	25	25	25	25	25	25	25	25	25	25	25	25	25	25	26	26	26	26	26	26	26	26	26	26	26	26	26	26	26	26	26	27	27	27	27	27	27	27	27	27	27	27	27	27	27	27	27	27	27	27	27	27	27	27	27	27	28	28	28	28	28	28	28	28	28	28	28	28	28	28	28	28	28	29	29	29	29	29	29	29	29	29	30	30	30	30	30	30	30	30	30	30	30	30	30	30	30	30	30	30	30	30	30	30	30	30	30	30	30	30	30	30	30	30	30	30	30	30	30	30	30	30	30	30	30	30	30	30	30	30	30	30	30	30	30	30	30	30	30	30	30	30	30	30	30	30	30	30	30	30	31	31	31	31	32	33	34	34	34	34	35	35	37	37	37	37	37	38	38	39	40	40	41	42	42	43	44	44	44	45	46	46	47	47	48	49	49	50	52	52	52	55	56	56	56	56	57	58	60	60	60
LIST OF HOMONYMS: 8	27	60	30	14	30	15	11	29	14	1	10	7	5	24	5	19	4	8	12	4	10	2	23	22	26	7	7	5	1	12	3	16	5	30	9	12	6	30	2	20	7	10	8	6	5	2	3	30	27	30	30	3	8	5	21	5	10	17	2	30	12	26	5	1	9	2	7	8	30	27	17	5	56	9	10	2	6	8	8	24	12	22	9	18	15	9	17	1	27	24	7	18	10	11	1	5	30	13	25	13	19	5	4	28	25	17	5	1	12	3	8	16	48	5	49	55	27	25	4	10	39	12	11	8	10	30	20	13	14	3	30	16	14	8	30	26	23	20	16	10	2	30	6	56	23	8	30	27	1	9	30	13	23	11	30	30	1	11	1	9	14	2	44	5	8	4	13	5	11	19	12	10	13	28	3	8	12	15	47	9	1	7	8	8	21	25	3	25	24	18	10	8	26	12	4	30	30	27	8	17	7	12	15	49	23	3	32	23	12	1	30	15	8	11	13	13	7	5	30	31	17	18	5	34	25	8	23	18	24	4	6	22	16	23	28	27	30	21	24	9	18	1	1	3	4	3	6	29	44	28	23	4	2	9	18	16	16	4	6	2	10	7	8	3	2	21	5	27	35	8	3	23	34	6	15	4	30	19	1	26	3	4	30	12	3	6	4	30	13	4	14	8	21	19	1	28	5	9	6	30	24	8	2	29	30	16	37	8	8	4	8	15	13	6	11	2	34	17	2	14	6	9	10	7	4	9	5	3	1	1	1	4	21	22	31	17	3	7	2	16	14	8	7	19	7	34	25	14	3	28	24	2	29	14	30	8	8	9	11	22	8	3	6	29	23	6	4	7	15	42	17	7	6	7	30	28	24	19	37	27	7	37	6	12	16	1	14	18	7	5	3	30	3	2	4	23	5	2	6	6	6	18	21	22	30	19	23	30	27	1	5	3	3	10	1	1	1	1	9	14	13	3	30	13	25	20	25	30	9	37	30	3	30	11	5	40	23	7	30	4	6	7	56	22	26	3	9	26	2	15	4	4	9	15	18	7	2	28	9	8	30	30	1	30	60	19	10	5	11	16	7	9	2	12	23	26	15	1	4	16	20	30	13	3	4	6	4	16	5	10	40	25	27	1	1	1	1	1	17	18	22	3	12	8	10	6	4	11	30	9	13	1	11	9	1	16	41	15	2	2	10	13	6	3	30	3	23	2	27	6	16	15	3	14	4	3	15	3	5	17	18	6	3	10	42	7	9	9	11	3	8	6	12	6	16	10	7	26	11	4	23	11	30	7	5	12	5	30	27	6	47	9	1	1	1	1	1	1	17	20	3	3	11	3	21	19	5	27	21	1	18	10	37	11	7	2	15	35	19	7	30	13	30	17	18	6	8	19	1	9	4	13	3	1	38	3	1	2	6	6	3	30	8	15	13	17	13	13	25	9	3	12	9	10	5	30	11	5	8	4	5	2	1	2	13	7	5	5	5	10	3	52	11	27	21	6	6	17	28	28	1	1	1	1	1	1	1	8	11	8	5	4	28	2	18	6	6	5	27	2	46	18	11	17	1	21	21	10	20	13	7	5	22	30	12	7	20	5	4	4	6	5	3	4	26	5	17	30	15	7	4	7	5	6	27	19	13	30	17	8	22	3	4	12	4	28	12	5	6	10	18	7	10	16	5	4	20	5	1	15	12	19	6	1	1	1	1	1	1	1	1	9	21	12	10	10	27	19	8	8	7	23	11	3	14	8	3	52	12	27	11	6	44	4	8	17	12	27	18	6	30	5	8	17	16	27	11	30	8	15	16	7	26	10	12	5	15	4	22	14	30	4	23	26	22	4	30	16	3	9	60	29	7	8	8	9	21	1	5	3	24	3	57	3	13	21	3	13	26	5	4	27	25	1	1	1	1	1	1	1	1	1	15	7	22	27	3	1	4	1	18	7	7	3	6	2	4	28	17	12	6	15	15	2	5	4	5	4	4	8	21	29	29	4	19	30	5	33	31	9	6	13	13	2	3	6	30	5	21	8	45	16	16	8	31	14	15	9	8	27	7	26	17	14	16	13	26	28	26	2	8	14	1	1	1	1	1	1	1	1	1	1	7	16	7	9	9	4	6	7	1	11	6	38	17	46	2	4	3	50	23	6	28	56	22	6	12	19	30	18	7	14	2	5	7	8	2	30	13	8	13	17	22	8	18	1	10	25	13	22	22	26	5	17	24	30	17	12	6	13	24	14	11	8	30	13	11	1	7	16	5	1	7	22	3	14	2	7	5	22	18	4	28	7	6	7	1	1	1	1	1	1	1	1	1	1	23	52	7	30	8	22	10	14	12	9	30	18	24	25	8	15	3	29	3	43	11	58	15	28	3	2	8	14	20	19	10	7	11	6	9	2	19	30	3	19	6	16	21	4	18	7	16	25	21	2	6	30	30	4	12	16	5	10	23	22	8	3	3	17	2	1	1	1	1	1	1	1	1	1	1
ELAPSED TIME S: 7642.494
ELAPSED TIME M: 127.3749
