HEURISTIC ELAPSED TIME: 1534.903
Parameters:
verbose => false
logfile => 
source => http://localhost:8890/sparql?default-graph-uri=http://nytimes.org
target => http://localhost:8894/sparql?default-graph-uri=http://dbpedia.org
class =>  <http://data.nytimes.com/elements/nytd_geo> 
append => a
format => txt
chunk => 150
topk => 1
offset => 0
stringthreshold => 0.7
usepivot => true
blocking => true
transitionupdate => false
globalrecall => true
aligner => HierarchicalClusterAligner
ranker => TimeBasedTransitionRanking
selector => DecisionTreeSelectionAlgorithm
searcher => Baseline
learningpercent => 0.1
transitionfailurerate => 1.0
qconly => false
sparqllimit => 10
name => S-based
$shuffle
true
$orderbyclause

$orderby

 & S-based  & 3 & 3.0   & 79.87  & 1342.14 & 21.97 & 32.29 & 26.15  \\ 
LEARNING TIME: 79.868
SEARCH TIME: 1342.138
MATCHER TIME: 179.23
TOTAL TIME: 1601.24
PAIR COMPLETENESS: 0.322916666666667
RECALL: 0.275520833333333
PRECISON: 0.69973544973545
FMEASURE: 0.395366218236173
FOUND INSTANCES: 752
NUMBER QUERIES: 5760
RATIO NUMBER QUERIES / INSTANCES: 3.0
RATIO QUERIES/POSITIVES: 0.280208333333333
RATIO QUERIES/NEGATIVES: 0.719791666666667
NUMBER HOMONYMS: 3423
RATIO HOMONYMS/INSTANCES: 4.55186170212766
INSTANCES / HOMONYMS RATIO: 0.219690330119778
SORTED LIST OF HOMONYMS: 1	1	1	1	1	1	1	1	1	1	1	1	1	1	1	1	1	1	1	1	1	1	1	1	1	1	1	1	1	1	1	1	1	1	1	1	1	1	1	1	1	1	1	1	1	1	1	1	1	1	1	1	1	1	1	1	1	1	1	1	1	1	1	1	1	1	1	1	1	1	1	1	1	1	1	1	1	1	1	1	1	1	1	1	1	1	1	1	1	1	1	1	1	1	1	1	1	1	1	1	1	1	1	1	1	1	1	1	1	1	1	1	1	1	1	1	1	1	1	1	1	1	1	1	1	1	1	1	1	1	1	1	1	1	1	1	1	1	1	1	1	1	1	1	1	1	1	1	1	1	1	1	1	1	1	1	1	1	1	1	1	1	1	1	1	1	1	1	1	1	1	1	1	1	1	1	1	1	1	1	1	1	1	1	1	1	1	1	1	1	1	1	1	1	1	1	1	1	2	2	2	2	2	2	2	2	2	2	2	2	2	2	2	2	2	2	2	2	2	2	2	2	2	2	2	2	2	2	2	2	2	2	2	2	2	2	2	2	2	2	2	2	2	2	2	2	2	2	2	2	2	2	2	2	2	2	2	2	2	2	2	2	2	2	2	2	2	2	2	2	2	2	2	2	2	2	2	2	2	2	2	2	2	2	2	2	2	2	2	2	2	2	2	2	2	2	2	2	2	2	2	2	2	2	2	2	2	2	2	2	2	2	2	2	2	2	2	2	2	2	3	3	3	3	3	3	3	3	3	3	3	3	3	3	3	3	3	3	3	3	3	3	3	3	3	3	3	3	3	3	3	3	3	3	3	3	3	3	3	3	3	3	3	3	3	3	3	3	3	3	3	3	3	3	3	3	3	3	3	3	3	3	3	3	3	3	3	3	3	3	3	3	3	3	3	3	3	3	3	3	3	3	3	3	3	3	3	3	3	3	3	4	4	4	4	4	4	4	4	4	4	4	4	4	4	4	4	4	4	4	4	4	4	4	4	4	4	4	4	4	4	4	4	4	4	4	4	4	4	4	4	4	4	4	4	4	4	4	4	4	4	4	4	4	4	4	4	4	4	4	4	4	5	5	5	5	5	5	5	5	5	5	5	5	5	5	5	5	5	5	5	5	5	5	5	5	5	5	5	5	5	5	5	5	5	5	5	5	5	5	5	5	5	5	5	5	6	6	6	6	6	6	6	6	6	6	6	6	6	6	6	6	6	6	6	6	6	6	6	6	6	6	6	6	6	6	6	6	6	6	6	6	6	7	7	7	7	7	7	7	7	7	7	7	7	7	7	7	7	7	7	7	7	7	7	7	7	7	7	7	7	7	7	7	7	7	7	7	7	7	7	7	7	7	7	8	8	8	8	8	8	8	8	8	8	8	8	8	8	8	8	8	8	8	8	8	8	8	8	8	8	8	8	9	9	9	9	9	9	9	9	9	9	9	9	9	9	9	9	9	9	9	9	9	9	9	9	10	10	10	10	10	10	10	10	10	10	10	10	10	10	10	10	10	10	10	10	10	10	10	10	10	11	11	11	11	11	11	11	11	11	11	11	11	11	11	11	11	11	11	11	11	11	11	11	11	12	12	12	12	12	12	12	12	12	12	12	12	12	12	12	12	13	13	13	13	13	13	13	13	13	13	13	13	13	13	13	14	14	14	14	14	14	14	15	15	15	15	15	16	16	16	16	16	16	16	16	16	17	17	17	19
LIST OF HOMONYMS: 13	6	1	6	16	16	3	1	2	4	1	2	2	1	1	9	1	5	10	3	1	1	3	1	7	1	2	2	1	12	1	1	15	8	1	1	3	4	1	1	2	3	4	3	3	6	2	17	1	3	3	1	1	2	4	10	2	11	16	1	13	4	1	1	6	7	1	2	1	8	7	10	10	2	12	7	2	1	1	10	3	6	7	2	1	2	12	11	4	13	3	8	1	1	3	4	3	5	6	11	7	1	1	14	2	2	4	13	8	11	16	2	2	1	4	4	3	9	2	5	12	7	2	1	1	2	6	2	14	1	1	1	2	3	9	1	1	3	3	4	1	10	11	6	1	9	13	2	4	5	1	3	4	9	2	1	1	1	10	5	5	2	4	3	1	3	11	7	8	2	1	6	1	7	12	4	6	1	2	6	1	2	4	12	2	1	1	5	9	12	1	3	16	5	2	1	4	1	8	2	9	3	3	2	7	2	7	2	2	3	1	7	4	2	4	1	4	1	1	12	4	3	3	10	8	3	9	3	3	1	1	6	1	2	3	1	2	6	3	1	1	2	1	1	3	1	2	1	6	1	4	7	1	2	8	2	8	3	4	1	3	2	2	5	13	7	1	2	2	6	10	2	1	6	7	2	1	1	16	10	2	9	1	7	4	2	7	5	6	9	2	10	3	1	10	3	1	3	1	1	2	4	7	14	1	4	5	6	1	6	2	12	8	11	1	6	2	1	3	8	1	5	3	5	1	1	5	12	3	8	2	13	10	2	4	11	5	2	5	10	8	3	14	1	1	2	2	7	1	10	5	2	11	7	1	6	2	5	2	11	2	11	3	3	2	8	2	1	6	1	9	7	6	4	2	5	1	4	2	6	14	2	1	15	2	1	9	2	4	5	1	1	2	4	4	2	8	7	7	1	4	1	1	1	2	6	4	2	2	6	15	3	1	2	7	7	13	1	4	1	3	3	7	2	3	1	3	12	1	3	13	3	5	1	4	1	1	3	1	4	13	3	7	11	1	17	9	3	7	1	3	1	4	2	1	1	1	1	4	10	3	2	2	4	3	3	11	4	2	2	3	1	10	9	8	2	13	1	10	5	8	7	2	4	6	2	2	1	3	2	2	1	2	1	6	1	2	1	1	8	4	3	5	2	2	1	9	1	12	6	2	2	5	8	5	2	13	4	1	16	5	4	1	1	5	11	12	1	1	8	1	1	2	6	4	1	7	3	10	3	2	15	3	5	7	3	2	9	3	2	9	5	4	1	3	9	1	1	8	3	1	1	1	4	2	1	9	7	5	1	1	12	7	2	2	1	2	11	8	9	5	3	1	6	16	2	2	2	14	10	1	14	3	1	8	4	1	2	2	1	7	1	7	1	1	2	10	1	1	10	16	1	1	4	2	12	6	1	10	3	4	3	7	4	1	1	1	11	1	11	4	1	3	7	5	2	8	3	11	9	19	3	7	5	3	2	5	3	6	1	11	8	1	1	1	1	1	3	7	5	5	1	3	5	1	7	1	12	11	2	3	4	1	1	3	5	3	1	4	13	1	1	6	11	2	15	1	1	1	11	9	1	2	6	4	4	2	3	3	3	6	1	1	5	4	1	5	4	1	17	3	4	8	1	13	7	3	13	3	8	1	4	1	3	10	5	6	11	1	1	9	5	5	8	11	3	3	7	2	1	2	9	10	2	1	1	5	2	3	2	1	1
ELAPSED TIME S: 1622.148
ELAPSED TIME M: 27.0358
