[<http://www.w3.org/2004/02/skos/core#prefLabel>=<http://xmlns.com/foaf/0.1/name>] 0.6 2 
TIME: 7.146
CARDINALITY: 0.0
TOTAL: 23.0
SUCCESS: 0.0
FAILURES: 23.0
GLOBAL SUCESS CHANCE: 0.0
Elapse time: 0.29775
Cardinality Ratio: 1.0
Failure Ratio: 1.0
Cost: 1.04338634383434
[<http://www.w3.org/2004/02/skos/core#prefLabel>=<http://www.w3.org/2000/01/rdf-schema#label>] 0.6 2 
TIME: 6.746
CARDINALITY: 0.0
TOTAL: 22.0
SUCCESS: 0.0
FAILURES: 22.0
GLOBAL SUCESS CHANCE: 0.0
Elapse time: 0.293304347826087
Cardinality Ratio: 1.0
Failure Ratio: 1.0
Cost: 1.04212640329937
[<http://www.w3.org/2004/02/skos/core#prefLabel>=<http://www.w3.org/2000/01/rdf-schema#label>] 0.6 4 
TIME: 1756.181
CARDINALITY: 1582.0
TOTAL: 1920.0
SUCCESS: 997.0
FAILURES: 923.0
GLOBAL SUCESS CHANCE: 0.284450784593438
Elapse time: 0.914201457574179
Cardinality Ratio: 0.370183196462413
Failure Ratio: 0.480999479437793
Cost: 0.986306191795369
[<http://www.w3.org/2004/02/skos/core#prefLabel>=<http://www.w3.org/2000/01/rdf-schema#label>] 0.6 3 
TIME: 15.981
CARDINALITY: 8.0
TOTAL: 21.0
SUCCESS: 4.0
FAILURES: 17.0
GLOBAL SUCESS CHANCE: 0.00114122681883024
Elapse time: 0.726409090909091
Cardinality Ratio: 0.555555555555556
Failure Ratio: 0.818181818181818
Cost: 0.914501034807514
[<http://www.w3.org/2004/02/skos/core#prefLabel>=<http://www.w3.org/2000/01/rdf-schema#label>] 0.6 5 
TIME: 16.776
CARDINALITY: 6.0
TOTAL: 22.0
SUCCESS: 3.0
FAILURES: 19.0
GLOBAL SUCESS CHANCE: 0.000855920114122682
Elapse time: 0.729391304347826
Cardinality Ratio: 0.571428571428571
Failure Ratio: 0.869565217391304
Cost: 0.926575570098371
[<http://www.w3.org/2004/02/skos/core#prefLabel>=<http://www.w3.org/2000/01/rdf-schema#label>] 0.6 1 
TIME: 1395.07
CARDINALITY: 2303.0
TOTAL: 1421.0
SUCCESS: 1398.0
FAILURES: 23.0
GLOBAL SUCESS CHANCE: 0.39885877318117
Elapse time: 0.981061884669479
Cardinality Ratio: 0.393229166666667
Failure Ratio: 0.0168776371308017
Cost: 1.05693500229134
[<http://www.w3.org/2004/02/skos/core#prefLabel>=<http://xmlns.com/foaf/0.1/name>] 0.6 1 
TIME: 25.674
CARDINALITY: 101.0
TOTAL: 23.0
SUCCESS: 18.0
FAILURES: 5.0
GLOBAL SUCESS CHANCE: 0.00513552068473609
Elapse time: 1.06975
Cardinality Ratio: 0.823529411764706
Failure Ratio: 0.25
Cost: 1.35002435331424
[<http://www.w3.org/2004/02/skos/core#prefLabel>=<http://xmlns.com/foaf/0.1/name>] 0.6 4 
TIME: 46.399
CARDINALITY: 36.0
TOTAL: 19.0
SUCCESS: 7.0
FAILURES: 12.0
GLOBAL SUCESS CHANCE: 0.00199714693295292
Elapse time: 2.31995
Cardinality Ratio: 0.810810810810811
Failure Ratio: 0.65
Cost: 2.45755613840817
[<http://www.w3.org/2004/02/skos/core#prefLabel>=<http://xmlns.com/foaf/0.1/name>] 0.6 3 
TIME: 31.023
CARDINALITY: 34.0
TOTAL: 17.0
SUCCESS: 5.0
FAILURES: 12.0
GLOBAL SUCESS CHANCE: 0.0014265335235378
Elapse time: 1.7235
Cardinality Ratio: 0.857142857142857
Failure Ratio: 0.722222222222222
Cost: 1.92487561352702
[<http://www.w3.org/2004/02/skos/core#prefLabel>=<http://xmlns.com/foaf/0.1/name>] 0.6 5 
TIME: 77.884
CARDINALITY: 32.0
TOTAL: 17.0
SUCCESS: 4.0
FAILURES: 13.0
GLOBAL SUCESS CHANCE: 0.00114122681883024
Elapse time: 4.32688888888889
Cardinality Ratio: 0.878787878787879
Failure Ratio: 0.777777777777778
Cost: 4.41522769432049
HEURISTIC ELAPSED TIME: 3597.825
Parameters:
verbose => false
logfile => 
source => http://localhost:8890/sparql?default-graph-uri=http://nytimes.org
target => http://lod.openlinksw.com/sparql?default-graph-uri=http://dbpedia.org
class =>  <http://data.nytimes.com/elements/nytd_geo> 
append => a
format => txt
chunk => 150
topk => 1
offset => 0
stringthreshold => 0.7
usepivot => true
blocking => true
transitionupdate => true
globalrecall => true
aligner => HierarchicalClusterAligner
ranker => TimeBasedTransitionRanking
selector => DecisionTreeSelectionAlgorithm
searcher => BranchAndBound
learningpercent => 0.1
transitionfailurerate => 1.0
qconly => false
name => SondaC
$shuffle
true
$orderbyclause

$orderby

 & SondaC  & 10 & 1.83   & 209.28  & 3386.29 & 65.8 & 78.49 & 71.59  \\ 
LEARNING TIME: 209.283
SEARCH TIME: 3386.285
MATCHER TIME: 201.23
TOTAL TIME: 3796.8
PAIR COMPLETENESS: 0.784895833333333
RECALL: 0.78125
PRECISON: 0.789889415481833
FMEASURE: 0.785545954438334
FOUND INSTANCES: 1899
NUMBER QUERIES: 3505
RATIO NUMBER QUERIES / INSTANCES: 1.82552083333333
RATIO QUERIES/POSITIVES: 0.695007132667618
RATIO QUERIES/NEGATIVES: 0.304992867332382
NUMBER HOMONYMS: 2886
RATIO HOMONYMS/INSTANCES: 1.51974723538705
INSTANCES / HOMONYMS RATIO: 0.658004158004158
SORTED LIST OF HOMONYMS: 1	1	1	1	1	1	1	1	1	1	1	1	1	1	1	1	1	1	1	1	1	1	1	1	1	1	1	1	1	1	1	1	1	1	1	1	1	1	1	1	1	1	1	1	1	1	1	1	1	1	1	1	1	1	1	1	1	1	1	1	1	1	1	1	1	1	1	1	1	1	1	1	1	1	1	1	1	1	1	1	1	1	1	1	1	1	1	1	1	1	1	1	1	1	1	1	1	1	1	1	1	1	1	1	1	1	1	1	1	1	1	1	1	1	1	1	1	1	1	1	1	1	1	1	1	1	1	1	1	1	1	1	1	1	1	1	1	1	1	1	1	1	1	1	1	1	1	1	1	1	1	1	1	1	1	1	1	1	1	1	1	1	1	1	1	1	1	1	1	1	1	1	1	1	1	1	1	1	1	1	1	1	1	1	1	1	1	1	1	1	1	1	1	1	1	1	1	1	1	1	1	1	1	1	1	1	1	1	1	1	1	1	1	1	1	1	1	1	1	1	1	1	1	1	1	1	1	1	1	1	1	1	1	1	1	1	1	1	1	1	1	1	1	1	1	1	1	1	1	1	1	1	1	1	1	1	1	1	1	1	1	1	1	1	1	1	1	1	1	1	1	1	1	1	1	1	1	1	1	1	1	1	1	1	1	1	1	1	1	1	1	1	1	1	1	1	1	1	1	1	1	1	1	1	1	1	1	1	1	1	1	1	1	1	1	1	1	1	1	1	1	1	1	1	1	1	1	1	1	1	1	1	1	1	1	1	1	1	1	1	1	1	1	1	1	1	1	1	1	1	1	1	1	1	1	1	1	1	1	1	1	1	1	1	1	1	1	1	1	1	1	1	1	1	1	1	1	1	1	1	1	1	1	1	1	1	1	1	1	1	1	1	1	1	1	1	1	1	1	1	1	1	1	1	1	1	1	1	1	1	1	1	1	1	1	1	1	1	1	1	1	1	1	1	1	1	1	1	1	1	1	1	1	1	1	1	1	1	1	1	1	1	1	1	1	1	1	1	1	1	1	1	1	1	1	1	1	1	1	1	1	1	1	1	1	1	1	1	1	1	1	1	1	1	1	1	1	1	1	1	1	1	1	1	1	1	1	1	1	1	1	1	1	1	1	1	1	1	1	1	1	1	1	1	1	1	1	1	1	1	1	1	1	1	1	1	1	1	1	1	1	1	1	1	1	1	1	1	1	1	1	1	1	1	1	1	1	1	1	1	1	1	1	1	1	1	1	1	1	1	1	1	1	1	1	1	1	1	1	1	1	1	1	1	1	1	1	1	1	1	1	1	1	1	1	1	1	1	1	1	1	1	1	1	1	1	1	1	1	1	1	1	1	1	1	1	1	1	1	1	1	1	1	1	1	1	1	1	1	1	1	1	1	1	1	1	1	1	1	1	1	1	1	1	1	1	1	1	1	1	1	1	1	1	1	1	1	1	1	1	1	1	1	1	1	1	1	1	1	1	1	1	1	1	1	1	1	1	1	1	1	1	1	1	1	1	1	1	1	1	1	1	1	1	1	1	1	1	1	1	1	1	1	1	1	1	1	1	1	1	1	1	1	1	1	1	1	1	1	1	1	1	1	1	1	1	1	1	1	1	1	1	1	1	1	1	1	1	1	1	1	1	1	1	1	1	1	1	1	1	1	1	1	1	1	1	1	1	1	1	1	1	1	1	1	1	1	1	1	1	1	1	1	1	1	1	1	1	1	1	1	1	1	1	1	1	1	1	1	1	1	1	1	1	1	1	1	1	1	1	1	1	1	1	1	1	1	1	1	1	1	1	1	1	1	1	1	1	1	1	1	1	1	1	1	1	1	1	1	1	1	1	1	1	1	1	1	1	1	1	1	1	1	1	1	1	1	1	1	1	1	1	1	1	1	1	1	1	1	1	1	1	1	1	1	1	1	1	1	1	1	1	1	1	1	1	1	1	1	1	1	1	1	1	1	1	1	1	1	1	1	1	1	1	1	1	1	1	1	1	1	1	1	1	1	1	1	1	1	1	1	1	1	1	1	1	1	1	1	1	1	1	1	1	1	1	1	1	1	1	1	1	1	1	1	1	1	1	1	1	1	1	1	1	1	1	1	1	1	1	1	1	1	1	1	1	1	1	1	1	1	1	1	1	1	1	1	1	1	1	1	1	1	1	1	1	1	1	1	1	1	1	1	1	1	1	1	1	1	1	1	1	1	1	1	1	1	1	1	1	1	1	1	1	1	1	1	1	2	2	2	2	2	2	2	2	2	2	2	2	2	2	2	2	2	2	2	2	2	2	2	2	2	2	2	2	2	2	2	2	2	2	2	2	2	2	2	2	2	2	2	2	2	2	2	2	2	2	2	2	2	2	2	2	2	2	2	2	2	2	2	2	2	2	2	2	2	2	2	2	2	2	2	2	2	2	2	2	2	2	2	2	2	2	2	2	2	2	2	2	2	2	2	2	2	2	2	2	2	2	2	2	2	2	2	2	2	2	2	2	2	2	2	2	2	2	2	2	2	2	2	2	2	2	2	2	2	2	2	2	2	2	2	2	2	2	2	2	2	2	2	2	2	2	2	2	2	2	2	2	2	2	2	2	2	2	2	2	2	2	2	2	2	2	2	2	2	2	2	2	2	2	2	2	2	2	2	2	2	2	2	2	2	2	2	2	2	2	2	2	2	2	2	2	2	2	2	2	2	2	2	2	2	2	2	2	2	2	2	2	2	2	2	2	2	2	2	2	2	2	2	2	2	2	2	2	2	2	2	2	2	2	2	2	2	2	2	2	2	2	2	2	2	2	2	2	2	2	2	2	2	2	2	2	2	2	2	2	2	2	2	2	2	2	2	2	2	2	2	2	2	2	2	2	2	2	2	2	2	2	2	2	2	2	2	2	2	2	2	2	2	2	2	2	2	2	2	2	2	2	2	2	2	2	2	2	2	2	2	2	2	2	2	2	2	2	2	2	2	2	2	2	2	2	2	2	2	2	2	2	2	2	2	2	2	2	2	2	2	2	2	2	2	2	2	2	2	2	2	2	2	2	2	2	2	2	2	2	2	2	2	2	2	2	2	2	2	2	2	2	2	2	2	2	2	2	2	2	2	2	2	2	2	2	2	2	2	2	2	2	2	2	2	2	2	2	2	2	2	2	2	2	2	2	2	2	2	2	2	2	2	2	2	2	2	2	2	2	2	2	2	2	2	2	2	2	2	2	2	2	2	2	2	2	2	2	2	2	2	2	2	2	2	2	2	2	2	2	2	2	2	2	2	2	2	2	2	2	2	2	2	2	2	2	2	2	2	2	2	2	2	2	2	2	2	2	2	2	2	2	2	2	2	2	2	2	2	2	2	2	2	2	2	2	2	2	2	2	2	2	2	2	2	2	2	2	2	2	2	2	2	2	2	2	2	2	2	2	2	2	2	2	2	2	2	2	2	2	2	2	2	2	2	2	2	2	2	2	2	2	2	2	2	2	2	2	2	2	2	2	2	2	2	2	2	2	2	2	2	2	2	2	2	2	2	2	2	2	2	2	2	2	2	2	2	2	2	2	2	2	2	2	2	2	2	2	2	2	2	2	2	2	2	2	2	2	2	2	2	2	2	2	2	2	2	2	2	2	2	2	2	2	2	2	2	2	2	2	2	2	2	2	2	2	2	2	2	2	2	2	2	2	2	2	2	2	2	2	2	2	2	2	2	2	2	2	2	2	2	2	2	2	2	2	2	2	2	2	2	2	2	2	2	2	2	2	2	2	2	2	2	2	2	2	2	2	2	2	2	2	2	2	2	2	2	2	2	2	2	2	2	2	2	2	2	2	2	2	2	2	2	2	2	2	2	2	2	2	2	2	2	2	2	2	2	2	2	2	2	2	2	2	2	2	2	2	2	2	2	2	2	2	2	2	2	2	2	2	2	2	2	2	2	2	2	2	2	2	2	2	2	2	2	2	2	2	2	2	2	2	2	2	2	2	2	2	2	2	2	2	2	2	2	2	2	2	2	2	2	2	2	2	2	2	2	2	2	2	2	2	2	2	2	2	2	2	2	2	2	2	2	2	2	2	2	2	2	2	2	2	2	2	2	2	2	2	2	2	2	2	2	2	2	2	2	2	2	2	2	2	2	2	2	2	2	2	2	2	2	2	2	2	2	2	2	2	2	2	2	2	2	2	2	2	2	2	2	2	2	2	2	2	2	2	2	2	2	2	2	2	2	2	2	2	2	2	2	2	2	2	2	2	2	2	2	2	2	2	2	2	2	2	2	2	2	3	3	4	4	5	5	6	6	8	8	9	11	12	20
LIST OF HOMONYMS: 5	1	2	11	2	8	6	2	6	1	4	20	3	2	2	2	8	12	5	3	4	9	1	1	1	1	2	2	2	2	2	1	2	2	1	1	1	1	1	1	2	2	2	1	2	1	1	1	1	1	1	1	1	2	1	2	1	1	2	1	2	1	2	1	1	1	1	1	2	2	1	1	2	2	1	1	1	2	1	1	1	1	1	1	2	1	1	2	1	2	1	1	1	1	2	2	2	2	2	1	2	1	1	2	1	1	2	1	1	2	1	2	1	1	2	1	2	1	2	1	1	2	1	2	2	1	2	1	1	2	2	2	2	2	1	1	2	2	1	2	1	2	2	2	1	1	2	1	2	2	1	1	1	2	1	2	1	2	2	1	1	1	1	2	2	2	2	2	2	2	2	1	2	2	2	1	2	1	2	1	2	2	1	1	1	1	2	1	1	2	2	2	1	1	2	2	2	1	2	2	2	2	2	1	1	2	1	1	1	1	2	2	2	2	2	1	2	2	2	2	2	2	1	1	2	1	1	1	1	2	2	2	1	2	1	1	1	2	1	2	2	1	2	1	1	2	2	1	2	1	2	2	1	1	2	2	1	1	2	2	2	1	2	1	2	2	1	1	2	1	2	2	2	2	1	1	2	1	1	1	1	2	1	1	1	2	2	1	1	2	2	1	2	2	1	1	1	1	2	2	1	1	2	1	2	2	1	1	2	1	2	1	1	2	1	1	2	1	2	2	2	1	2	2	1	1	1	2	2	2	1	2	2	1	1	1	2	1	2	1	1	1	2	1	2	1	1	1	2	1	1	1	1	1	1	2	2	2	1	1	2	2	2	2	1	2	2	1	1	1	2	1	2	1	1	1	2	2	2	2	2	1	1	1	1	1	2	1	2	1	2	1	2	2	2	1	1	2	1	1	2	1	2	2	1	2	2	1	1	1	2	1	1	2	2	2	1	1	1	2	1	2	2	1	2	1	2	2	2	1	1	2	1	2	2	1	1	2	2	2	2	2	1	1	1	1	1	1	1	1	1	1	2	1	2	2	2	2	1	1	2	2	2	1	1	1	1	2	2	1	2	1	2	2	1	2	1	1	2	2	1	2	1	2	2	2	2	1	1	1	1	1	1	2	1	1	2	1	1	1	2	2	1	2	1	2	1	1	2	1	1	1	1	1	1	1	1	1	1	2	2	1	1	1	1	1	2	2	1	1	1	2	2	1	2	2	2	1	1	2	2	1	2	2	2	1	1	2	2	2	2	2	1	2	2	1	1	1	2	2	1	1	1	1	1	1	1	1	2	1	2	2	1	1	2	1	2	1	2	1	2	1	2	1	1	1	1	2	2	1	1	1	1	2	1	2	1	2	1	1	1	1	1	1	2	1	2	1	2	2	1	1	1	2	1	2	2	1	1	2	2	1	1	1	2	2	1	2	2	2	2	2	2	1	2	1	1	2	2	1	1	2	2	1	1	2	1	2	2	1	1	1	1	2	1	1	2	1	2	2	2	1	2	2	2	1	2	1	2	2	1	1	1	1	1	1	1	2	1	2	2	2	2	2	2	1	2	2	2	1	1	1	1	2	1	2	2	1	2	2	2	1	2	2	2	1	1	2	1	1	1	2	1	2	1	1	1	2	2	1	2	2	2	2	2	2	1	2	1	1	2	2	2	2	2	1	1	1	2	1	1	1	1	2	2	2	1	2	2	1	1	2	2	1	1	2	2	2	1	2	2	1	2	2	2	1	2	2	1	2	1	1	1	2	2	1	2	1	1	2	2	1	2	1	1	2	2	1	2	2	2	2	2	2	1	2	1	1	2	2	1	2	1	2	2	1	2	2	2	1	1	1	2	2	2	2	1	1	1	2	1	2	1	2	2	1	1	2	2	2	1	1	2	2	2	1	1	1	2	1	1	1	2	2	2	1	2	2	2	2	1	2	2	2	1	1	1	1	2	1	2	2	1	2	2	1	1	2	2	2	1	2	1	2	1	1	2	2	2	1	1	1	1	1	1	2	2	1	2	2	1	2	2	2	1	2	1	1	2	1	1	2	2	1	2	1	1	1	2	1	1	1	2	1	1	1	1	1	1	1	2	1	2	2	2	1	1	2	1	2	1	1	2	1	1	1	2	2	2	1	2	2	1	1	2	2	1	1	1	1	1	1	2	1	1	2	1	1	2	2	1	1	2	1	1	2	1	1	2	1	2	1	2	2	1	2	2	1	1	2	2	1	2	2	2	2	1	1	2	1	2	1	1	2	2	2	1	2	1	1	1	1	1	1	1	1	1	2	2	1	2	1	2	1	1	2	1	1	1	2	1	2	2	1	2	1	2	2	1	1	2	1	1	2	2	2	2	1	2	1	2	1	1	2	2	2	2	2	2	1	2	1	1	1	2	2	2	2	2	1	2	1	1	2	2	1	1	1	1	2	2	2	1	2	2	2	1	1	1	1	1	2	2	1	1	2	1	2	1	1	2	1	1	1	1	1	1	2	1	1	1	1	1	2	1	1	1	2	1	1	2	2	1	2	1	2	2	1	1	1	1	2	1	2	1	2	2	2	1	2	2	2	2	1	1	1	2	1	2	2	1	1	2	1	1	1	1	2	1	1	2	2	1	1	2	1	1	1	2	2	1	1	1	1	2	2	1	1	1	2	2	2	2	1	1	2	1	1	1	1	1	1	1	2	2	2	1	1	2	2	2	1	2	2	1	2	2	2	2	2	2	1	1	2	1	2	1	1	2	1	1	1	2	1	2	2	2	1	2	1	1	2	1	2	1	1	1	1	1	2	1	2	1	1	2	1	1	1	1	1	2	1	1	2	1	2	1	1	2	1	2	1	2	2	2	2	1	1	1	1	1	1	1	1	1	1	2	2	1	2	1	2	2	1	2	2	2	1	1	2	1	1	1	2	2	2	2	1	2	1	1	1	2	1	1	1	2	2	1	2	1	2	1	2	1	2	1	2	2	2	2	1	2	2	1	2	1	1	2	1	1	2	2	1	1	2	1	1	2	1	1	2	1	1	2	2	2	2	1	1	1	2	1	1	1	1	1	1	2	1	1	2	1	1	2	1	1	2	2	1	2	2	1	1	2	1	2	1	2	2	1	1	2	2	1	1	2	2	1	1	2	2	2	2	2	1	1	2	1	1	2	2	2	1	1	2	2	1	2	2	1	2	1	2	1	2	1	1	1	1	1	2	2	1	2	1	1	2	1	2	1	1	1	1	2	2	1	2	2	2	2	2	2	2	1	1	2	2	1	1	1	1	1	1	1	2	1	2	1	1	1	2	2	2	1	2	2	2	1	2	1	1	1	1	1	1	1	2	1	1	2	1	1	1	1	2	1	2	2	2	2	1	1	2	1	1	2	2	2	1	2	1	1	1	1	2	1	1	1	1	1	1	1	2	2	2	1	1	2	2	2	2	2	1	1	2	2	1	1	2	1	1	2	1	2	2	1	1	1	2	1	2	2	1	1	2	2	2	1	1	2	1	1	1	1	2	2	1	2	1	2	1	2	1	1	1	1	1	2	1	1	1	1	2	2	2	2	1	1	2	1	1	1	1	2	1	1	1	2	2	1	2	2	1	1	2	1	1	2	1	2	2	2	2	2	1	1	2	2	2	2	1	2	2	1	2	2	2	2	1	2	1	2	1	2	1	2	2	2	2	1	1	1	1	1	1	1	2	2	1	2	2	1	2	2	2	1	2	2	1	1	1	1	2	1	1	1	2	1	2	2	1	2	2	1	1	1	2	2	2	2	1	1	1	1	2	2	1	2	2	1	1	1	2	1	2	2	2	1	2	2	2	2	1	1	1	1	2	1	2	2	2	2	2	1	1	1	1	2	1	1	2	1	2	1	2	1	1	1	1	1	1	1	2	2	1	1	2	2	2	2	1	2	2	2	1	1	1	2	1	2	1	1	2	2	1	2	1	1	1	1	1	1	2	2	2	2	2	1	1	2	1	1	2	1	2	2	1	1	1	1	2	1	1	2	2	1	1	2	2	2	2	2	1	1	1	2	2	1	2	1	2	2	1	1	1	2	2	1	1	2	2	2	1	2	2	2	2	2	2	1	2	1	2	1	2	2	2	1	2	2	1	2	2	2	2	1	2	1	1	2	2	2	2	2	2	1	1	1	1	1	2	1	2	1	1	1	1	1	1	2	1	1	1	2	2	1	2	2	1	2	2	2	2	1	2	2	1	2	1	1	1	2	1	2	1	2	2	1	1	2	1	1	1	2	1	1	2	1	1	1	1	1	1	2	2	1	1	1	2	2	2	1	2	2	1	2	1	2
ELAPSED TIME S: 3825.631
ELAPSED TIME M: 63.7605166666667
