NaN
0.833333333333333
0.0833333333333334
0.133333333333333
0.133333333333333
0.4
0.266666666666667
0.166666666666667
0.0833333333333334
0.0833333333333334
0.153846153846154
0.266666666666667
0.2
0.0
0.181818181818182
0.133333333333333
0.0666666666666666
0.0
0.0
0.0833333333333334
0.0833333333333334
0.0
0.153846153846154
0.272727272727273
0.166666666666667
0.111111111111111
0.0
0.0
0.0714285714285714
0.133333333333333
0.0666666666666666
0.333333333333333
0.0833333333333334
0.0666666666666666
0.166666666666667
0.153846153846154
0.166666666666667
0.111111111111111
0.166666666666667
0.111111111111111
0.133333333333333
0.153846153846154
0.166666666666667
0.166666666666667
0.266666666666667
0.166666666666667
0.0
0.222222222222222
0.0
0.0833333333333334
0.166666666666667
0.0
0.166666666666667
0.166666666666667
0.111111111111111
0.333333333333333
0.0
0.166666666666667
0.0666666666666666
0.166666666666667
0.0833333333333334
0.1
0.230769230769231
0.1
0.3
0.1
0.0
0.166666666666667
0.266666666666667
0.2
0.166666666666667
0.0
0.230769230769231
0.0769230769230769
0.166666666666667
0.0833333333333334
0.0
0.0833333333333334
0.25
0.0
0.166666666666667
0.111111111111111
0.0
0.2
0.111111111111111
0.0
0.0
0.0
