HEURISTIC ELAPSED TIME: 3935.949
Parameters:
verbose => false
logfile => 
source => http://localhost:8890/sparql?default-graph-uri=http://nytimes.org
target => http://localhost:8894/sparql?default-graph-uri=http://dbpedia.org
class =>  <http://data.nytimes.com/elements/nytd_geo> 
append => a
format => txt
chunk => 150
topk => 1
offset => 0
stringthreshold => 0.7
usepivot => true
blocking => true
transitionupdate => false
globalrecall => true
aligner => NoAligner
ranker => TimeBasedTransitionRanking
selector => DecisionTreeSelectionAlgorithm
searcher => Baseline
learningpercent => 0.1
transitionfailurerate => 1.0
qconly => false
name => S-agnostic
$shuffle
true
$orderbyclause

$orderby

 & S-agnostic  & 5 & 5.0   & 10.22  & 2769.9 & 6.26 & 31.35 & 10.44  \\ 
LEARNING TIME: 10.215
SEARCH TIME: 2769.904
MATCHER TIME: 1098.775
TOTAL TIME: 3878.89
PAIR COMPLETENESS: 0.313541666666667
RECALL: 0.158854166666667
PRECISON: 0.428973277074543
FMEASURE: 0.231851007221589
FOUND INSTANCES: 690
NUMBER QUERIES: 9600
RATIO NUMBER QUERIES / INSTANCES: 5.0
RATIO QUERIES/POSITIVES: 0.0741666666666667
RATIO QUERIES/NEGATIVES: 0.925833333333333
NUMBER HOMONYMS: 11017
RATIO HOMONYMS/INSTANCES: 15.9666666666667
INSTANCES / HOMONYMS RATIO: 0.0626304801670146
SORTED LIST OF HOMONYMS: 1	1	1	1	1	1	1	1	1	1	1	1	1	1	1	1	1	1	1	1	1	1	1	1	1	1	1	1	1	1	1	1	1	1	1	1	1	1	1	1	1	1	1	1	1	1	1	1	1	1	1	1	1	1	1	1	1	1	1	1	1	1	1	1	1	1	1	1	1	1	1	1	1	1	1	1	1	1	1	1	1	1	1	1	1	1	1	1	1	1	1	1	1	1	1	1	1	1	1	1	1	1	1	1	1	1	1	1	1	1	1	1	1	1	1	1	1	2	2	2	2	2	2	2	2	2	2	2	2	2	2	2	2	2	2	2	2	2	2	2	2	2	2	2	2	2	2	2	2	2	2	2	2	2	2	2	2	2	2	2	2	2	2	2	2	2	2	2	2	2	2	2	2	2	2	2	2	2	2	2	2	2	2	2	2	2	2	2	2	2	2	2	2	2	2	2	2	2	2	2	2	2	2	3	3	3	3	3	3	3	3	3	3	3	3	3	3	3	3	3	3	3	3	3	3	3	3	3	3	3	3	3	3	3	3	3	4	4	4	4	4	4	4	4	4	4	4	4	4	4	4	4	4	4	4	4	4	4	4	4	4	4	5	5	5	5	5	5	5	5	5	5	5	5	5	5	5	5	5	5	5	6	6	6	6	6	6	6	7	7	7	7	7	7	7	7	7	7	7	8	8	8	8	8	8	8	9	9	9	9	9	9	9	9	9	9	9	9	9	9	9	10	10	10	10	10	10	10	10	11	11	11	11	11	11	11	11	11	11	11	12	12	12	12	13	13	13	13	13	13	13	13	13	13	14	14	14	14	14	14	14	15	15	15	15	15	15	15	16	16	16	16	16	16	16	17	17	17	17	17	17	18	18	18	18	18	19	19	20	20	20	20	20	21	21	21	21	21	22	22	22	22	22	23	23	23	23	23	23	23	23	24	24	24	24	24	24	24	24	24	25	25	25	26	26	26	26	26	26	27	27	27	27	27	27	28	28	28	28	28	28	28	28	28	28	28	28	28	28	28	28	28	28	28	28	29	29	29	29	29	29	29	29	29	29	29	29	29	29	29	29	29	29	29	29	29	29	29	29	29	29	30	30	30	30	30	30	30	30	30	30	30	30	30	30	30	30	30	30	30	30	30	30	30	30	30	30	30	30	30	30	30	30	30	30	30	30	30	30	30	30	30	30	30	30	30	30	30	30	30	30	30	30	30	30	30	30	30	30	30	30	30	30	30	30	30	30	30	30	30	30	30	30	30	30	30	30	30	30	30	30	30	30	30	30	30	30	30	30	30	30	30	30	30	30	30	30	30	30	30	30	30	30	30	30	30	30	30	30	30	30	30	30	30	30	30	30	30	30	30	30	30	30	30	30	30	30	30	30	30	30	30	30	30	30	30	30	30	30	30	30	30	30	30	30	30	30	30	30	30	30	30	30	30	30	30	30	30	30	30	30	30	30	30	30	30	30	30	30	30	30	30	30	30	30	30	30	30	30	30	30	30	30	30	30	30	30	30	37	39	39	39	40	43	49	50	54	58	58	58	60	60	60	60	60	60	60	60	60	60
LIST OF HOMONYMS: 30	29	30	30	30	27	29	3	2	13	3	1	9	1	30	60	22	1	1	4	2	2	1	5	26	30	4	18	5	30	29	5	1	1	5	1	1	1	30	24	30	2	29	1	2	11	1	1	4	30	28	22	1	22	30	3	60	3	1	30	30	10	16	1	21	30	30	28	3	60	30	1	2	1	30	2	29	60	2	3	2	30	30	30	24	14	26	30	1	3	29	30	1	30	30	30	30	1	6	30	37	21	2	3	30	29	30	1	2	30	5	30	13	30	30	60	5	30	3	2	7	30	3	1	2	9	29	4	9	15	19	29	2	30	30	30	30	4	30	4	30	13	1	30	2	2	2	12	30	18	30	4	1	1	4	30	30	30	11	30	30	28	30	1	30	3	30	1	2	16	30	30	1	27	30	8	1	13	1	30	4	1	5	30	23	2	30	2	23	1	30	5	5	23	1	1	1	30	24	30	17	11	25	30	30	2	2	3	30	1	4	4	8	1	4	1	7	2	2	7	1	3	2	2	2	1	30	23	1	1	30	5	30	5	30	1	50	29	1	60	30	14	30	2	2	28	10	3	60	30	27	9	30	30	30	9	30	30	15	16	30	9	23	7	30	30	30	1	10	1	2	2	28	5	26	30	2	17	13	28	17	16	30	30	30	30	7	39	30	3	19	4	28	4	1	1	8	30	43	30	3	30	30	30	30	1	30	30	30	3	2	1	30	13	2	1	4	30	1	1	30	30	25	30	3	30	2	4	9	29	2	3	30	40	4	30	2	1	30	20	1	30	7	2	28	17	1	30	9	29	30	28	15	2	1	1	2	5	8	4	1	2	5	23	30	28	2	11	30	26	2	18	1	30	2	30	11	1	1	25	30	30	30	2	1	21	30	10	30	1	8	2	7	30	39	13	29	1	28	30	1	1	2	30	1	2	4	17	30	2	1	1	29	30	1	11	1	16	30	30	20	6	11	1	30	9	30	30	3	58	2	1	24	1	29	6	30	2	30	2	4	10	7	4	2	1	1	1	1	6	9	3	2	2	28	8	30	5	1	2	11	2	28	28	28	6	21	18	30	29	4	6	3	2	5	30	30	1	6	1	8	1	14	29	30	30	1	3	1	30	24	2	28	23	10	7	24	30	1	9	26	30	13	1	27	1	30	2	29	1	1	2	2	15	2	30	30	1	2	30	30	1	4	2	2	20	30	60	7	30	2	9	58	4	12	29	30	2	3	30	24	4	14	15	2	3	2	2	30	1	30	14	2	20	2	2	30	1	26	3	60	29	2	30	28	2	1	28	13	15	1	1	2	28	1	11	23	11	30	30	10	1	30	5	20	10	27	29	5	30	30	30	29	3	30	27	2	30	30	1	1	13	1	30	29	49	29	14	54	30	30	30	2	2	2	2	21	30	7	30	3	1	1	30	30	1	39	60	24	30	9	30	30	5	3	22	30	30	29	1	11	18	30	1	1	29	58	1	12	1	4	30	3	30	30	9	30	9	30	30	2	30	30	3	2	16	16	24	1	1	28	1	30	14	30	30	17	22	30	1	15	30	30	12	1	3	1	2	2	3
ELAPSED TIME S: 3951.741
ELAPSED TIME M: 65.86235
