HEURISTIC ELAPSED TIME: 2590.327
Parameters:
verbose => false
logfile => 
source => http://localhost:8890/sparql?default-graph-uri=http://nytimes.org
target => http://localhost:8894/sparql?default-graph-uri=http://dbpedia.org
class =>  <http://data.nytimes.com/elements/nytd_geo> 
append => a
format => txt
chunk => 150
topk => 1
offset => 0
stringthreshold => 0.7
usepivot => true
blocking => true
transitionupdate => false
globalrecall => true
aligner => HierarchicalClusterAligner
ranker => TimeBasedTransitionRanking
selector => DecisionTreeSelectionAlgorithm
searcher => Baseline
learningpercent => 0.1
transitionfailurerate => 1.0
qconly => false
name => S-based
$shuffle
true
$orderbyclause

$orderby

 & S-based  & 3 & 3.0   & 526.5  & 2288.21 & 22.72 & 42.66 & 29.65  \\ 
LEARNING TIME: 526.503
SEARCH TIME: 2288.206
MATCHER TIME: 283.452
TOTAL TIME: 3098.16
PAIR COMPLETENESS: 0.4265625
RECALL: 0.358333333333333
PRECISON: 0.706365503080082
FMEASURE: 0.475466482377332
FOUND INSTANCES: 964
NUMBER QUERIES: 5760
RATIO NUMBER QUERIES / INSTANCES: 3.0
RATIO QUERIES/POSITIVES: 0.338715277777778
RATIO QUERIES/NEGATIVES: 0.661284722222222
NUMBER HOMONYMS: 4243
RATIO HOMONYMS/INSTANCES: 4.40145228215768
INSTANCES / HOMONYMS RATIO: 0.227197737449917
SORTED LIST OF HOMONYMS: 1	1	1	1	1	1	1	1	1	1	1	1	1	1	1	1	1	1	1	1	1	1	1	1	1	1	1	1	1	1	1	1	1	1	1	1	1	1	1	1	1	1	1	1	1	1	1	1	1	1	1	1	1	1	1	1	1	1	1	1	1	1	1	1	1	1	1	1	1	1	1	1	1	1	1	1	1	1	1	1	1	1	1	1	1	1	1	1	1	1	1	1	1	1	1	1	1	1	1	1	1	1	1	1	1	1	1	1	1	1	1	1	1	1	1	1	1	1	1	1	1	1	1	1	1	1	1	1	1	1	1	1	1	1	1	1	1	1	1	1	1	1	1	1	1	1	1	1	1	1	1	1	1	1	1	1	1	1	1	1	1	1	1	1	1	1	1	1	1	1	1	1	1	1	1	1	1	1	1	1	1	1	1	1	1	1	1	1	1	1	1	1	1	1	1	1	1	1	1	1	1	1	1	1	1	1	1	1	1	1	1	1	1	1	1	1	1	1	1	1	1	1	1	1	1	1	1	1	1	1	1	1	1	1	1	1	1	1	1	1	1	1	1	1	1	1	1	1	1	1	1	1	1	1	1	1	1	1	1	1	1	1	1	1	1	1	1	1	1	1	1	1	1	1	1	1	1	1	1	1	1	1	1	1	1	1	1	1	1	1	1	1	1	1	1	1	1	1	1	1	1	1	1	1	1	1	1	1	1	1	1	1	1	1	1	1	1	1	1	1	1	2	2	2	2	2	2	2	2	2	2	2	2	2	2	2	2	2	2	2	2	2	2	2	2	2	2	2	2	2	2	2	2	2	2	2	2	2	2	2	2	2	2	2	2	2	2	2	2	2	2	2	2	2	2	2	2	2	2	2	2	2	2	2	2	2	2	2	2	2	2	2	2	2	2	2	2	2	2	2	2	2	2	2	2	2	2	2	2	2	2	2	2	2	2	2	2	2	2	2	2	2	2	2	2	2	2	2	2	2	2	2	2	2	2	2	2	2	2	2	2	2	2	2	2	2	2	2	2	2	2	2	2	2	2	2	2	2	2	2	2	2	2	2	2	2	2	2	2	2	2	2	2	2	2	3	3	3	3	3	3	3	3	3	3	3	3	3	3	3	3	3	3	3	3	3	3	3	3	3	3	3	3	3	3	3	3	3	3	3	3	3	3	3	3	3	3	3	3	3	3	3	3	3	3	3	3	3	3	3	3	3	3	3	3	3	3	3	3	3	3	3	3	3	3	3	3	3	3	3	3	3	3	3	3	3	3	3	3	3	3	3	3	3	3	3	3	3	3	3	3	3	3	3	3	3	3	3	3	3	3	3	3	3	3	3	4	4	4	4	4	4	4	4	4	4	4	4	4	4	4	4	4	4	4	4	4	4	4	4	4	4	4	4	4	4	4	4	4	4	4	4	4	4	4	4	4	4	4	4	4	4	4	4	4	4	4	4	4	4	4	4	4	4	4	4	4	4	4	4	4	4	4	4	4	4	5	5	5	5	5	5	5	5	5	5	5	5	5	5	5	5	5	5	5	5	5	5	5	5	5	5	5	5	5	5	5	5	5	5	5	5	5	5	5	5	5	5	5	5	5	5	5	5	5	5	6	6	6	6	6	6	6	6	6	6	6	6	6	6	6	6	6	6	6	6	6	6	6	6	6	6	6	6	6	6	6	6	6	6	6	7	7	7	7	7	7	7	7	7	7	7	7	7	7	7	7	7	7	7	7	7	7	7	7	7	7	7	7	7	7	7	7	7	7	7	7	7	7	7	7	7	7	7	7	7	8	8	8	8	8	8	8	8	8	8	8	8	8	8	8	8	8	8	8	8	8	8	8	8	8	8	8	8	8	9	9	9	9	9	9	9	9	9	9	9	9	9	9	9	9	9	9	9	9	9	9	9	9	10	10	10	10	10	10	10	10	10	10	10	10	10	10	10	10	10	10	10	10	10	10	10	10	11	11	11	11	11	11	11	11	11	11	11	11	11	11	11	11	11	11	11	11	11	11	12	12	12	12	12	12	12	12	12	12	12	12	12	12	13	13	13	13	13	13	13	13	13	13	13	13	13	13	13	13	13	14	14	14	14	14	14	14	15	15	15	15	16	16	16	16	16	16	17	17	17	17	18	18	18	18	18	19	19	19	20	20	21	21	21	21	21	21	21	22	22	23	23	23	24	25	27	29	33
LIST OF HOMONYMS: 15	7	2	6	1	21	16	4	1	3	4	1	2	2	1	1	9	1	5	10	3	1	1	3	1	20	1	2	2	4	1	14	2	3	21	8	1	2	1	1	4	5	1	1	1	2	3	19	3	1	3	7	6	3	27	1	2	4	5	2	5	1	1	13	3	5	8	2	4	10	2	23	16	1	24	4	1	1	1	1	6	7	1	2	1	8	1	7	10	1	10	2	23	7	2	1	2	3	1	1	1	1	10	4	9	7	2	1	3	12	14	4	13	3	1	8	1	1	3	3	1	4	3	5	6	11	4	7	1	1	4	1	14	2	2	5	1	14	1	8	11	22	2	2	1	4	1	4	3	9	3	5	12	7	2	8	1	1	1	1	1	2	9	3	17	1	1	3	2	4	9	1	2	1	2	3	3	4	1	1	1	10	11	5	1	9	13	4	4	14	2	1	1	3	4	1	9	2	1	1	1	1	13	1	4	5	2	2	1	3	1	4	1	5	1	3	11	7	10	1	4	1	6	2	7	29	3	6	1	4	2	6	2	3	4	12	3	1	1	5	9	2	1	12	1	3	16	5	2	1	1	5	1	8	3	1	12	4	3	2	7	2	10	2	3	2	3	1	7	4	3	3	5	4	1	1	1	12	4	3	3	8	10	3	13	3	7	1	1	6	1	1	1	2	3	1	1	2	6	3	1	1	1	2	2	1	4	1	3	1	2	1	6	1	1	4	7	1	2	8	2	8	3	4	2	3	2	1	2	5	13	7	2	1	2	2	6	10	3	1	6	7	2	1	1	21	10	19	9	1	7	4	1	2	7	1	5	2	6	21	2	10	3	3	10	2	3	1	4	1	1	2	4	1	1	7	18	1	4	17	5	1	6	2	12	8	11	7	6	2	1	1	3	8	1	3	1	5	3	5	2	1	1	1	1	1	5	12	3	1	8	2	13	10	2	8	11	5	2	1	7	10	8	3	1	16	1	1	1	2	2	1	2	7	2	1	10	8	1	2	11	7	1	6	3	5	2	11	2	11	1	2	3	2	7	1	3	2	9	1	17	7	1	6	4	2	5	1	9	6	3	1	2	7	14	2	1	11	15	2	1	9	2	4	5	1	1	2	2	7	1	3	2	8	12	6	1	4	1	2	1	1	1	1	1	13	4	1	3	2	6	16	3	1	2	2	10	1	7	13	1	4	1	3	4	7	2	4	1	3	12	1	1	1	1	4	13	3	5	2	6	2	2	1	1	1	2	1	4	33	3	2	7	11	2	1	18	9	1	3	1	1	7	1	1	4	1	1	4	2	1	1	1	1	1	1	12	4	1	10	3	2	2	4	3	3	1	11	4	1	3	2	1	1	3	1	13	9	8	2	13	1	1	10	5	1	8	7	3	1	5	6	3	2	3	1	3	2	2	1	2	1	1	6	2	1	2	1	1	9	11	5	1	5	1	2	2	1	1	2	9	1	12	6	1	1	1	6	8	2	1	19	2	13	3	1	16	1	2	5	4	1	1	5	1	11	1	1	12	1	3	1	8	1	2	1	5	1	2	6	4	1	1	7	2	10	3	2	1	1	15	4	1	5	1	7	3	3	9	3	1	2	1	9	5	4	1	3	1	1	9	1	1	8	1	3	1	1	1	2	4	1	2	2	9	2	21	1	5	1	1	12	7	2	2	1	2	22	1	8	9	1	2	5	5	1	5	18	2	3	1	2	18	10	1	1	1	14	3	1	8	5	2	1	2	2	1	1	7	1	1	7	3	1	3	20	1	1	13	17	1	1	3	2	4	2	2	15	6	2	10	3	5	1	3	7	4	1	1	3	1	3	11	1	1	7	4	3	3	1	7	6	6	8	1	3	1	3	1	11	21	25	2	7	2	5	3	1	1	5	1	4	6	1	11	8	1	1	1	3	1	1	3	7	5	5	1	2	3	5	1	7	2	2	18	11	1	1	2	2	1	3	4	1	1	3	5	3	2	1	4	13	2	1	6	11	2	23	3	1	1	1	1	1	11	9	2	1	1	2	1	6	4	4	2	3	3	3	6	1	1	1	5	4	1	1	1	4	1	4	1	21	1	3	4	8	2	13	7	3	1	2	13	3	8	1	4	1	4	10	7	6	11	1	1	2	9	1	1	5	5	8	11	3	3	2	4	2	2	2	9	10	2	1	1	6	2	4	1	1	3	1	1	1
ELAPSED TIME S: 3120.634
ELAPSED TIME M: 52.0105666666667
