HEURISTIC ELAPSED TIME: 4903.536
Parameters:
verbose => false
logfile => 
source => http://localhost:8890/sparql?default-graph-uri=http://nytimes.org
target => http://localhost:8894/sparql?default-graph-uri=http://dbpedia.org
class =>  <http://data.nytimes.com/elements/nytd_geo> 
append => a
format => txt
chunk => 150
topk => 1
offset => 0
stringthreshold => 0.7
usepivot => true
blocking => true
transitionupdate => false
globalrecall => true
aligner => NoAligner
ranker => TimeBasedTransitionRanking
selector => DecisionTreeSelectionAlgorithm
searcher => Baseline
learningpercent => 0.1
transitionfailurerate => 1.0
qconly => false
sparqllimit => 50
name => S-agnostic
$shuffle
true
$orderbyclause

$orderby

 & S-agnostic  & 5 & 5.0   & 7.45  & 2735.66 & 4.62 & 35.89 & 8.19  \\ 
LEARNING TIME: 7.454
SEARCH TIME: 2735.66200000001
MATCHER TIME: 2046.702
TOTAL TIME: 4789.82
PAIR COMPLETENESS: 0.358854166666667
RECALL: 0.158854166666667
PRECISON: 0.377942998760843
FMEASURE: 0.223689035570224
FOUND INSTANCES: 783
NUMBER QUERIES: 9600
RATIO NUMBER QUERIES / INSTANCES: 5.0
RATIO QUERIES/POSITIVES: 0.0840625
RATIO QUERIES/NEGATIVES: 0.9159375
NUMBER HOMONYMS: 16937
RATIO HOMONYMS/INSTANCES: 21.6309067688378
INSTANCES / HOMONYMS RATIO: 0.04623014701541
SORTED LIST OF HOMONYMS: 1	1	1	1	1	1	1	1	1	1	1	1	1	1	1	1	1	1	1	1	1	1	1	1	1	1	1	1	1	1	1	1	1	1	1	1	1	1	1	1	1	1	1	1	1	1	1	1	1	1	1	1	1	1	1	1	1	1	1	1	1	1	1	1	1	1	1	1	1	1	1	1	1	1	1	1	1	1	1	1	1	1	1	1	1	1	1	1	1	1	1	1	1	1	1	1	1	1	1	1	1	1	1	1	1	1	1	1	1	1	1	1	1	1	1	1	1	1	1	1	1	1	1	1	1	1	1	1	1	1	1	1	1	1	1	1	1	1	1	1	1	2	2	2	2	2	2	2	2	2	2	2	2	2	2	2	2	2	2	2	2	2	2	2	2	2	2	2	2	2	2	2	2	2	2	2	2	2	2	2	2	2	2	2	2	2	2	2	2	2	2	2	2	2	2	2	2	2	2	2	2	2	2	2	2	2	2	2	2	2	2	2	2	2	2	2	2	2	2	2	2	2	2	2	2	2	2	2	2	2	2	2	2	2	2	2	2	3	3	3	3	3	3	3	3	3	3	3	3	3	3	3	3	3	3	3	3	3	3	3	3	3	3	3	3	3	3	3	3	3	3	3	3	3	3	3	3	3	3	3	3	3	4	4	4	4	4	4	4	4	4	4	4	4	4	4	4	4	4	4	4	4	4	4	4	4	4	4	4	4	5	5	5	5	5	5	5	5	5	5	5	5	5	5	5	5	5	5	5	5	5	5	5	5	5	6	6	6	6	6	6	6	6	6	6	6	6	6	6	6	6	7	7	7	7	7	7	7	8	8	8	8	8	8	8	8	8	8	8	8	8	8	8	8	8	9	9	9	9	9	9	9	9	9	9	9	9	9	9	9	10	10	10	10	10	10	10	10	11	11	11	11	11	11	11	11	11	11	11	11	11	12	12	12	12	12	12	12	12	13	13	13	13	13	13	13	14	14	14	14	14	14	14	14	15	15	15	15	15	15	16	16	16	16	16	16	16	16	17	17	17	17	18	18	18	18	18	18	19	19	20	20	20	20	20	20	21	21	21	21	21	22	22	22	22	22	23	23	23	24	24	24	24	24	24	24	24	24	25	25	25	26	26	27	27	27	28	28	28	29	29	30	31	31	31	31	31	31	32	32	32	32	33	33	33	33	33	33	34	34	34	34	34	34	35	35	35	35	35	36	36	36	36	37	38	38	39	39	40	40	40	40	40	40	40	41	41	42	42	42	42	42	42	43	43	43	43	43	44	44	44	45	46	46	46	46	46	46	46	46	47	47	47	47	47	48	48	48	48	48	48	48	48	48	48	48	48	48	48	48	48	48	48	49	49	49	49	49	49	49	49	49	49	49	49	49	49	49	49	49	50	50	50	50	50	50	50	50	50	50	50	50	50	50	50	50	50	50	50	50	50	50	50	50	50	50	50	50	50	50	50	50	50	50	50	50	50	50	50	50	50	50	50	50	50	50	50	50	50	50	50	50	50	50	50	50	50	50	50	50	50	50	50	50	50	50	50	50	50	50	50	50	50	50	50	50	50	50	50	50	50	50	50	50	50	50	50	50	50	50	50	50	50	50	50	50	50	50	50	50	50	50	50	50	50	50	50	50	50	50	50	50	50	50	50	50	50	50	50	50	50	50	50	50	50	50	50	50	50	50	50	50	50	50	50	50	50	50	50	50	50	50	50	50	50	50	50	50	50	51	53	54	57	58	59	59	60	63	68	70	74	81	90	90	98	98	98	99	100	100	100	100	100
LIST OF HOMONYMS: 50	49	42	50	50	1	47	49	2	3	2	16	3	1	9	1	50	81	42	1	1	4	2	2	1	14	46	50	4	24	5	50	49	2	5	1	1	20	5	1	1	1	9	50	24	50	3	49	1	2	18	13	1	1	5	50	48	42	1	40	50	3	100	3	2	1	46	43	10	16	1	21	50	50	48	3	99	50	1	2	6	2	1	50	2	49	90	2	3	2	50	48	50	24	34	26	6	50	1	22	49	10	50	1	50	34	50	31	9	1	6	50	57	21	2	23	50	6	32	50	2	2	46	5	50	18	50	50	100	5	50	3	6	2	8	50	3	1	2	3	49	4	5	9	1	19	49	2	5	4	50	50	50	9	50	1	4	33	1	4	47	13	1	50	2	2	2	22	50	38	32	2	4	1	3	4	50	33	31	28	50	50	48	50	1	50	3	50	8	1	2	16	50	20	50	1	27	50	8	1	2	1	50	4	1	1	34	31	3	48	3	1	32	1	50	5	4	6	1	1	1	50	6	50	24	28	25	50	50	4	2	3	50	1	1	4	8	1	4	1	9	7	2	2	8	1	3	2	2	2	5	1	2	1	35	43	1	1	50	5	50	5	50	1	68	49	1	70	50	14	50	2	2	48	10	3	100	50	47	9	1	50	50	50	9	50	34	15	24	35	29	23	14	3	50	50	1	50	21	10	1	2	2	35	4	8	2	50	2	17	25	31	25	16	50	42	50	39	7	59	50	6	3	19	4	48	4	1	1	8	50	63	5	50	3	50	50	50	50	1	16	15	50	50	3	50	3	2	1	35	5	13	2	1	1	4	50	1	1	50	50	38	50	3	50	1	2	4	16	49	2	6	3	3	50	60	4	40	2	3	1	50	20	1	50	7	3	2	48	17	1	50	27	49	50	48	2	2	1	1	2	6	8	4	1	2	8	5	43	50	31	2	5	3	50	46	2	18	1	35	2	50	11	2	1	45	50	50	1	51	22	1	21	40	1	50	1	4	1	8	2	1	50	53	13	49	14	1	48	43	1	1	2	50	1	2	11	17	36	2	1	1	41	50	1	11	1	16	39	5	50	20	11	11	1	1	2	50	9	50	50	3	98	2	1	2	24	1	49	6	50	2	50	2	12	11	7	4	2	2	1	1	1	8	9	3	12	2	2	48	28	3	50	10	1	2	1	2	47	48	48	6	21	18	50	36	4	26	3	2	5	50	11	12	50	1	6	9	2	1	6	8	1	1	1	14	33	50	46	1	3	1	50	24	7	48	1	43	10	8	37	50	1	8	9	7	46	33	13	1	27	1	50	2	46	1	1	20	2	2	15	2	50	50	1	2	50	50	1	4	2	2	40	50	100	1	1	50	2	2	98	4	6	12	49	50	11	3	50	44	4	34	15	2	1	2	2	50	1	32	14	2	40	2	2	50	1	46	3	100	49	2	50	48	3	1	48	13	15	1	2	2	48	1	11	23	11	12	50	50	10	1	42	5	20	5	30	4	49	1	50	50	50	31	3	50	16	8	47	2	50	50	1	1	13	1	1	1	33	49	58	40	11	14	74	50	5	50	50	6	12	3	2	2	41	50	8	7	50	10	1	1	33	50	11	1	59	90	44	50	12	2	9	50	50	3	5	3	22	5	50	36	44	1	11	18	50	1	2	1	29	98	1	3	5	18	8	2	4	50	5	3	50	50	9	42	9	54	50	2	50	2	50	3	3	24	34	24	1	1	1	48	1	36	14	50	50	17	22	1	40	1	1	15	50	50	12	1	3	1	2	2	1
ELAPSED TIME S: 5886.22
ELAPSED TIME M: 98.1036666666667
