HEURISTIC ELAPSED TIME: 1263.843
Parameters:
verbose => false
logfile => 
source => http://localhost:8890/sparql?default-graph-uri=http://nytimes.org
target => http://localhost:8894/sparql?default-graph-uri=http://dbpedia.org
class =>  <http://data.nytimes.com/elements/nytd_geo> 
append => a
format => txt
chunk => 150
topk => 1
offset => 0
stringthreshold => 0.7
usepivot => true
blocking => true
transitionupdate => false
globalrecall => true
aligner => NoAligner
ranker => TimeBasedTransitionRanking
selector => DecisionTreeSelectionAlgorithm
searcher => Baseline
learningpercent => 0.1
transitionfailurerate => 1.0
qconly => false
sparqllimit => 10
name => S-agnostic
$shuffle
true
$orderbyclause

$orderby

 & S-agnostic  & 5 & 5.0   & 7.36  & 1053.42 & 14.0 & 25.0 & 17.95  \\ 
LEARNING TIME: 7.364
SEARCH TIME: 1053.42
MATCHER TIME: 196.092
TOTAL TIME: 1256.88
PAIR COMPLETENESS: 0.25
RECALL: 0.1828125
PRECISON: 0.638181818181818
FMEASURE: 0.284210526315789
FOUND INSTANCES: 544
NUMBER QUERIES: 9600
RATIO NUMBER QUERIES / INSTANCES: 5.0
RATIO QUERIES/POSITIVES: 0.0589583333333333
RATIO QUERIES/NEGATIVES: 0.941041666666667
NUMBER HOMONYMS: 3886
RATIO HOMONYMS/INSTANCES: 7.14338235294118
INSTANCES / HOMONYMS RATIO: 0.139989706639218
SORTED LIST OF HOMONYMS: 1	1	1	1	1	1	1	1	1	1	1	1	1	1	1	1	1	1	1	1	1	1	1	1	1	1	1	1	1	1	1	1	1	1	1	1	1	1	1	1	1	1	1	1	1	1	1	1	1	1	1	1	1	1	1	1	1	1	1	1	1	1	1	1	1	1	1	1	1	1	1	1	1	1	1	1	1	2	2	2	2	2	2	2	2	2	2	2	2	2	2	2	2	2	2	2	2	2	2	2	2	2	2	2	2	2	2	2	2	2	2	2	2	2	2	2	2	2	2	2	2	2	2	2	2	2	2	2	2	3	3	3	3	3	3	3	3	3	3	3	3	3	3	3	3	3	3	3	3	3	3	3	3	3	3	3	3	3	4	4	4	4	4	4	4	4	4	4	4	4	4	4	4	4	4	4	4	4	4	4	4	4	4	4	4	4	5	5	5	5	5	5	5	5	5	5	5	5	5	5	5	5	5	5	6	6	6	6	6	6	6	6	6	6	6	7	7	7	7	7	7	7	7	7	7	7	7	7	8	8	8	8	8	8	8	8	8	8	8	8	8	8	8	8	8	8	8	8	8	8	8	8	8	8	8	8	8	8	8	8	9	9	9	9	9	9	9	9	9	9	9	9	9	9	9	9	9	9	9	9	9	9	9	9	9	9	9	9	9	9	9	9	9	9	9	9	9	9	10	10	10	10	10	10	10	10	10	10	10	10	10	10	10	10	10	10	10	10	10	10	10	10	10	10	10	10	10	10	10	10	10	10	10	10	10	10	10	10	10	10	10	10	10	10	10	10	10	10	10	10	10	10	10	10	10	10	10	10	10	10	10	10	10	10	10	10	10	10	10	10	10	10	10	10	10	10	10	10	10	10	10	10	10	10	10	10	10	10	10	10	10	10	10	10	10	10	10	10	10	10	10	10	10	10	10	10	10	10	10	10	10	10	10	10	10	10	10	10	10	10	10	10	10	10	10	10	10	10	10	10	10	10	10	10	10	10	10	10	10	10	10	10	10	10	10	10	10	10	10	10	10	10	10	10	10	10	10	10	10	10	10	10	10	10	10	10	10	10	10	10	10	10	10	10	10	10	10	10	10	10	10	10	10	10	10	10	10	10	10	10	10	10	10	10	10	10	10	10	10	10	10	10	10	10	10	10	10	10	10	10	10	10	10	10	10	10	10	10	10	10	10	10	12	17	18	18	18	19	19	20	20	20	20	20	20	20	20	20	20	20	20	20	20	20
LIST OF HOMONYMS: 10	9	10	10	10	7	9	3	1	3	1	1	1	10	20	2	1	4	5	2	1	6	10	10	9	4	1	5	1	1	10	10	10	4	9	4	10	8	2	1	2	10	20	3	1	10	10	10	1	10	10	10	8	3	20	10	2	1	10	4	9	20	10	10	10	8	8	10	9	10	6	10	10	10	10	1	10	17	8	3	10	9	10	4	10	5	10	10	10	20	2	10	3	2	6	10	1	2	9	2	9	9	10	9	2	10	10	10	10	1	10	2	10	5	10	2	10	10	4	3	4	10	10	10	10	10	8	10	10	10	10	1	2	10	10	10	10	10	8	10	1	10	3	5	10	3	9	10	3	3	1	10	8	7	4	1	1	10	4	10	10	10	10	1	10	1	4	1	9	1	7	2	2	2	2	1	10	3	1	1	10	5	10	5	10	3	20	9	1	20	10	10	10	2	2	8	3	20	10	7	9	10	10	10	10	10	8	2	10	9	7	10	10	10	10	4	3	2	8	9	10	6	8	8	10	10	10	10	12	10	10	9	8	1	6	10	20	10	2	10	10	10	10	5	10	10	10	2	10	1	4	10	8	1	10	10	5	10	3	10	7	4	6	9	10	20	2	10	2	1	10	10	1	10	5	8	10	6	10	4	9	10	8	8	2	1	2	8	2	5	3	10	8	2	7	10	6	2	10	1	10	10	10	10	1	5	10	10	10	1	4	10	10	2	4	10	19	9	1	8	10	10	1	1	1	10	1	1	9	10	1	9	1	10	10	10	1	10	10	10	3	18	1	10	9	10	5	10	2	9	2	4	2	1	1	1	1	2	8	10	3	2	10	2	9	8	8	5	10	10	10	9	1	10	10	1	1	1	9	9	10	10	1	10	10	8	3	5	4	10	4	6	10	7	1	10	10	4	9	5	2	1	10	3	10	10	1	10	10	4	4	2	2	10	20	3	10	2	7	18	4	2	9	10	3	10	4	4	8	3	2	2	10	10	2	3	2	2	10	1	6	20	9	1	10	8	1	8	6	1	2	8	1	10	10	10	10	9	10	10	7	9	5	10	10	10	9	10	7	10	10	1	1	1	10	9	20	9	10	20	10	10	10	1	1	10	7	10	3	2	10	10	19	20	4	10	10	10	8	10	10	9	3	10	10	10	1	1	10	18	7	2	10	5	10	10	10	10	10	2	10	10	8	10	1	1	8	10	10	10	10	10	10	10	1	2	10	10	10	1	1	4	3	3
ELAPSED TIME S: 1295.111
ELAPSED TIME M: 21.5851833333333
