HEURISTIC ELAPSED TIME: 14669.593
Parameters:
verbose => false
logfile => 
source => http://localhost:8890/sparql?default-graph-uri=http://nytimes.org
target => http://localhost:8894/sparql?default-graph-uri=http://dbpedia.org
class =>  <http://data.nytimes.com/elements/nytd_geo> 
append => a
format => txt
chunk => 150
topk => 1
offset => 0
stringthreshold => 0.7
usepivot => true
blocking => true
transitionupdate => false
globalrecall => true
aligner => NoAligner
ranker => TimeBasedTransitionRanking
selector => DecisionTreeSelectionAlgorithm
searcher => Baseline
learningpercent => 0.1
transitionfailurerate => 1.0
qconly => false
sparqllimit => 100
name => S-agnostic
$shuffle
true
$orderbyclause

$orderby

 & S-agnostic  & 5 & 5.0   & 7.5  & 4605.79 & 3.25 & 41.61 & 6.03  \\ 
LEARNING TIME: 7.499
SEARCH TIME: 4605.78700000001
MATCHER TIME: 9751.314
TOTAL TIME: 14364.6
PAIR COMPLETENESS: 0.416145833333333
RECALL: 0.165104166666667
PRECISON: 0.335449735449735
FMEASURE: 0.221291448516579
FOUND INSTANCES: 903
NUMBER QUERIES: 9600
RATIO NUMBER QUERIES / INSTANCES: 5.0
RATIO QUERIES/POSITIVES: 0.0966666666666667
RATIO QUERIES/NEGATIVES: 0.903333333333333
NUMBER HOMONYMS: 27765
RATIO HOMONYMS/INSTANCES: 30.7475083056478
INSTANCES / HOMONYMS RATIO: 0.0325229605618584
SORTED LIST OF HOMONYMS: 1	1	1	1	1	1	1	1	1	1	1	1	1	1	1	1	1	1	1	1	1	1	1	1	1	1	1	1	1	1	1	1	1	1	1	1	1	1	1	1	1	1	1	1	1	1	1	1	1	1	1	1	1	1	1	1	1	1	1	1	1	1	1	1	1	1	1	1	1	1	1	1	1	1	1	1	1	1	1	1	1	1	1	1	1	1	1	1	1	1	1	1	1	1	1	1	1	1	1	1	1	1	1	1	1	1	1	1	1	1	1	1	1	1	1	1	1	1	1	1	1	1	1	1	1	1	1	1	1	1	1	1	1	1	1	1	1	1	1	1	1	1	1	1	1	1	1	1	1	1	1	1	1	1	1	1	1	1	1	1	1	1	1	2	2	2	2	2	2	2	2	2	2	2	2	2	2	2	2	2	2	2	2	2	2	2	2	2	2	2	2	2	2	2	2	2	2	2	2	2	2	2	2	2	2	2	2	2	2	2	2	2	2	2	2	2	2	2	2	2	2	2	2	2	2	2	2	2	2	2	2	2	2	2	2	2	2	2	2	2	2	2	2	2	2	2	2	2	2	2	2	2	2	2	2	2	2	2	2	2	2	2	2	2	2	2	2	2	2	2	2	2	2	2	2	2	2	2	2	2	2	2	2	2	2	2	2	3	3	3	3	3	3	3	3	3	3	3	3	3	3	3	3	3	3	3	3	3	3	3	3	3	3	3	3	3	3	3	3	3	3	3	3	3	3	3	3	3	3	3	3	3	3	3	3	3	3	3	3	3	3	3	3	3	3	3	3	3	3	3	4	4	4	4	4	4	4	4	4	4	4	4	4	4	4	4	4	4	4	4	4	4	4	4	4	4	4	4	4	4	4	5	5	5	5	5	5	5	5	5	5	5	5	5	5	5	5	5	5	5	5	6	6	6	6	6	6	6	6	6	6	6	6	6	6	6	7	7	7	7	7	7	7	7	7	7	7	7	8	8	8	8	8	8	8	8	8	8	8	8	8	8	8	8	8	9	9	9	9	9	9	9	9	9	9	9	9	9	9	9	9	9	10	10	10	10	10	10	10	10	11	11	11	11	11	11	11	11	11	11	11	11	11	11	12	12	12	12	12	12	13	13	13	13	13	13	13	13	13	13	13	14	14	14	14	14	14	14	14	15	15	15	15	15	15	15	15	16	16	16	16	16	16	16	16	16	16	16	17	17	17	17	17	17	18	18	18	18	18	18	19	19	19	19	19	19	19	19	19	20	20	20	21	21	21	21	21	21	22	22	22	22	22	22	22	23	23	23	23	23	23	23	23	23	23	24	24	24	24	24	24	24	24	24	25	25	26	26	26	26	27	27	27	28	28	28	28	29	29	29	29	30	31	31	31	32	32	32	32	33	33	33	33	33	34	34	34	34	35	35	35	35	35	35	35	36	36	36	36	36	37	37	37	38	39	39	39	40	40	40	40	40	41	41	42	42	42	42	42	43	43	43	44	44	46	46	46	46	46	47	48	48	48	50	50	50	50	51	52	52	52	52	52	52	53	53	55	55	55	56	56	56	57	57	58	59	59	60	60	61	61	61	61	61	62	62	62	62	63	63	63	63	63	64	64	64	64	64	65	65	65	66	67	67	68	68	68	69	69	70	70	70	70	71	71	72	73	75	75	76	77	77	77	78	78	78	79	79	80	80	82	84	84	84	84	85	86	87	90	91	92	92	92	93	93	94	95	95	96	96	96	97	97	97	97	97	98	98	98	98	98	98	98	99	99	99	99	99	99	99	99	99	99	99	99	99	99	100	100	100	100	100	100	100	100	100	100	100	100	100	100	100	100	100	100	100	100	100	100	100	100	100	100	100	100	100	100	100	100	100	100	100	100	100	100	100	100	100	100	100	100	100	100	100	100	100	100	100	100	100	100	100	100	100	100	100	100	100	100	100	100	100	100	100	100	100	100	100	100	100	100	100	100	100	100	100	100	100	100	100	100	100	100	100	100	100	100	100	100	100	100	100	100	100	100	100	100	100	100	100	100	106	106	136	140	152	155	161	162	164	183	195	197
LIST OF HOMONYMS: 100	99	42	57	78	1	96	99	27	12	36	3	2	2	16	4	1	9	1	100	97	92	1	1	4	2	2	6	1	1	71	52	4	24	2	100	99	3	5	1	1	70	2	5	1	1	1	59	3	39	100	8	24	100	3	99	1	2	18	13	1	1	5	1	60	50	92	1	40	100	3	136	3	2	1	1	46	3	10	16	1	21	3	100	15	100	23	98	3	162	62	1	2	16	19	2	1	1	100	2	99	140	2	3	2	100	48	100	24	84	1	43	100	1	22	99	10	86	1	100	34	92	31	9	1	7	100	64	21	1	2	28	2	100	42	8	32	100	35	2	2	1	14	23	46	5	100	1	100	100	161	2	63	3	6	8	2	1	8	100	3	1	2	3	99	4	8	1	5	7	9	1	19	52	2	6	4	100	5	100	100	2	59	100	1	4	33	1	2	4	47	13	1	100	2	2	2	19	19	77	1	32	2	6	4	1	3	4	68	33	1	31	28	29	13	4	100	100	18	98	55	1	1	100	2	3	100	3	1	2	16	100	56	100	1	27	100	8	1	1	2	1	100	4	1	1	34	2	3	35	48	3	3	1	32	1	100	5	6	2	1	1	1	1	100	3	100	24	28	25	100	52	43	2	3	100	1	10	2	4	8	1	4	1	9	7	2	2	8	1	3	2	2	2	2	55	1	2	9	1	35	82	1	1	100	2	100	5	100	1	68	55	1	70	100	14	67	2	2	98	10	3	197	100	50	3	9	1	100	62	100	9	100	19	5	15	24	35	79	23	37	13	87	77	14	100	41	2	10	1	2	2	35	1	8	4	24	3	100	3	17	25	9	26	37	16	100	42	100	2	2	17	7	64	100	6	3	23	6	12	4	63	15	4	1	1	2	1	8	8	1	61	90	5	66	3	100	100	100	61	1	23	2	62	61	3	100	3	2	1	35	26	2	2	1	1	4	100	1	1	80	100	38	100	3	100	2	2	4	16	22	99	2	1	46	3	14	19	100	62	4	40	2	3	1	100	3	1	100	7	19	2	98	17	1	57	11	16	22	28	99	84	64	3	2	1	1	2	6	8	4	13	1	7	26	2	1	5	93	100	31	2	29	3	68	96	3	18	1	35	1	2	5	100	11	3	1	95	71	100	1	63	23	1	15	21	40	2	69	6	36	5	1	2	2	1	100	53	13	99	64	1	98	43	1	11	1	2	1	100	1	2	11	17	36	2	3	1	1	41	100	1	2	1	16	19	39	5	100	20	11	11	1	5	11	2	100	9	100	93	3	195	2	1	52	24	1	99	6	100	6	2	95	2	13	11	7	4	2	23	2	1	1	1	8	9	3	12	2	2	64	78	7	100	10	1	2	1	2	97	98	65	1	21	15	18	100	4	4	76	10	3	2	5	23	61	14	100	1	6	9	2	1	2	1	22	13	8	1	1	1	1	2	2	100	46	1	3	1	100	24	7	65	2	50	2	8	37	69	1	22	21	9	9	96	33	13	1	27	1	100	2	46	1	1	1	70	2	2	2	15	7	11	2	100	3	53	1	2	100	97	1	4	2	2	18	72	1	1	85	152	1	1	100	2	2	164	4	2	12	99	9	100	11	3	1	100	94	4	84	15	2	3	1	2	2	52	4	1	32	14	2	78	2	2	100	1	15	3	56	3	155	6	79	2	100	48	3	1	84	13	2	1	1	2	2	75	1	11	23	11	30	100	97	44	10	1	42	5	20	5	67	23	99	2	100	65	75	3	3	100	16	2	97	3	2	100	100	1	1	4	13	1	1	1	2	33	99	58	40	17	14	77	100	52	100	100	6	39	3	2	2	63	56	8	7	50	60	1	1	33	100	12	1	106	106	61	100	1	2	19	9	9	100	100	3	5	3	2	7	70	36	44	1	11	18	80	1	6	3	1	29	183	1	3	5	2	8	2	4	100	20	16	3	51	100	9	42	4	73	100	2	100	2	16	100	3	3	1	24	34	22	1	1	3	98	1	2	36	14	91	63	17	22	3	11	29	40	26	1	1	4	100	100	12	1	3	34	1	2	21	2	1
ELAPSED TIME S: 16784.813
ELAPSED TIME M: 279.746883333333
