[<http://www.w3.org/2004/02/skos/core#prefLabel>=<http://xmlns.com/foaf/0.1/name>] 0.6 2 
TIME: 5.924
CARDINALITY: 0.0
TOTAL: 23.0
SUCCESS: 0.0
FAILURES: 23.0
GLOBAL SUCESS CHANCE: 0.0
Elapse time: 0.246833333333333
Cardinality Ratio: 1.0
Failure Ratio: 1.0
Cost: 1.03001295838666
[<http://www.w3.org/2004/02/skos/core#prefLabel>=<http://www.w3.org/2000/01/rdf-schema#label>] 0.6 2 
TIME: 6.024
CARDINALITY: 0.0
TOTAL: 23.0
SUCCESS: 0.0
FAILURES: 23.0
GLOBAL SUCESS CHANCE: 0.0
Elapse time: 0.251
Cardinality Ratio: 1.0
Failure Ratio: 1.0
Cost: 1.0310193984596
[<http://www.w3.org/2004/02/skos/core#prefLabel>=<http://www.w3.org/2000/01/rdf-schema#label>] 0.6 3 
TIME: 10.737
CARDINALITY: 8.0
TOTAL: 23.0
SUCCESS: 5.0
FAILURES: 18.0
GLOBAL SUCESS CHANCE: 0.00160565189466924
Elapse time: 0.447375
Cardinality Ratio: 0.444444444444444
Failure Ratio: 0.791666666666667
Cost: 0.630614981444725
[<http://www.w3.org/2004/02/skos/core#prefLabel>=<http://www.w3.org/2000/01/rdf-schema#label>] 0.6 1 
TIME: 1177.108
CARDINALITY: 2885.0
TOTAL: 1918.0
SUCCESS: 1887.0
FAILURES: 31.0
GLOBAL SUCESS CHANCE: 0.605973025048169
Elapse time: 0.613396560708703
Cardinality Ratio: 0.346153846153846
Failure Ratio: 0.0166753517457009
Cost: 0.704327924972712
[<http://www.w3.org/2004/02/skos/core#prefLabel>=<http://www.w3.org/2000/01/rdf-schema#label>] 0.6 5 
TIME: 8.965
CARDINALITY: 6.0
TOTAL: 19.0
SUCCESS: 3.0
FAILURES: 16.0
GLOBAL SUCESS CHANCE: 0.000963391136801541
Elapse time: 0.44825
Cardinality Ratio: 0.571428571428571
Failure Ratio: 0.85
Cost: 0.72626350228061
[<http://www.w3.org/2004/02/skos/core#prefLabel>=<http://www.w3.org/2000/01/rdf-schema#label>] 0.6 4 
TIME: 9.074
CARDINALITY: 6.0
TOTAL: 18.0
SUCCESS: 3.0
FAILURES: 15.0
GLOBAL SUCESS CHANCE: 0.000963391136801541
Elapse time: 0.477578947368421
Cardinality Ratio: 0.571428571428571
Failure Ratio: 0.842105263157895
Cost: 0.744722943929101
[<http://www.w3.org/2004/02/skos/core#prefLabel>=<http://xmlns.com/foaf/0.1/name>] 0.6 1 
TIME: 965.795
CARDINALITY: 3587.0
TOTAL: 1035.0
SUCCESS: 890.0
FAILURES: 145.0
GLOBAL SUCESS CHANCE: 0.285806037251124
Elapse time: 0.932234555984556
Cardinality Ratio: 0.751950947603121
Failure Ratio: 0.140926640926641
Cost: 1.19770259036747
[<http://www.w3.org/2004/02/skos/core#prefLabel>=<http://xmlns.com/foaf/0.1/name>] 0.6 3 
TIME: 35.396
CARDINALITY: 25.0
TOTAL: 19.0
SUCCESS: 6.0
FAILURES: 13.0
GLOBAL SUCESS CHANCE: 0.00192678227360308
Elapse time: 1.7698
Cardinality Ratio: 0.769230769230769
Failure Ratio: 0.7
Cost: 1.9297429923001
[<http://www.w3.org/2004/02/skos/core#prefLabel>=<http://xmlns.com/foaf/0.1/name>] 0.6 4 
TIME: 34.391
CARDINALITY: 24.0
TOTAL: 18.0
SUCCESS: 5.0
FAILURES: 13.0
GLOBAL SUCESS CHANCE: 0.00160565189466924
Elapse time: 1.81005263157895
Cardinality Ratio: 0.8
Failure Ratio: 0.736842105263158
Cost: 1.97896198272879
[<http://www.w3.org/2004/02/skos/core#prefLabel>=<http://xmlns.com/foaf/0.1/name>] 0.6 5 
TIME: 80.442
CARDINALITY: 22.0
TOTAL: 18.0
SUCCESS: 4.0
FAILURES: 14.0
GLOBAL SUCESS CHANCE: 0.00128452151573539
Elapse time: 4.23378947368421
Cardinality Ratio: 0.826086956521739
Failure Ratio: 0.789473684210526
Cost: 4.31362874703127
HEURISTIC ELAPSED TIME: 2696.61
Parameters:
verbose => false
logfile => 
source => http://localhost:8890/sparql?default-graph-uri=http://nytimes.org
target => http://lod.openlinksw.com/sparql?default-graph-uri=http://dbpedia.org
class =>  <http://data.nytimes.com/elements/nytd_geo> 
append => a
format => txt
chunk => 150
topk => 1
offset => 0
stringthreshold => 0.7
usepivot => true
blocking => true
transitionupdate => false
globalrecall => true
aligner => HierarchicalClusterAligner
ranker => TimeBasedTransitionRanking
selector => DecisionTreeSelectionAlgorithm
searcher => BranchAndBound
learningpercent => 0.1
transitionfailurerate => 1.0
qconly => false
sparqllimit => 10
name => SondaA
$shuffle
true
$orderbyclause

$orderby

 & SondaA  & 10 & 1.62   & 217.03  & 2340.11 & 32.31 & 77.14 & 45.54  \\ 
LEARNING TIME: 217.026
SEARCH TIME: 2340.107
MATCHER TIME: 348.879
TOTAL TIME: 2906.01
PAIR COMPLETENESS: 0.771354166666667
RECALL: 0.711458333333333
PRECISON: 0.722751322751323
FMEASURE: 0.717060367454068
FOUND INSTANCES: 1890
NUMBER QUERIES: 3114
RATIO NUMBER QUERIES / INSTANCES: 1.621875
RATIO QUERIES/POSITIVES: 0.900128452151574
RATIO QUERIES/NEGATIVES: 0.0998715478484265
NUMBER HOMONYMS: 5850
RATIO HOMONYMS/INSTANCES: 3.0952380952381
INSTANCES / HOMONYMS RATIO: 0.323076923076923
SORTED LIST OF HOMONYMS: 1	1	1	1	1	1	1	1	1	1	1	1	1	1	1	1	1	1	1	1	1	1	1	1	1	1	1	1	1	1	1	1	1	1	1	1	1	1	1	1	1	1	1	1	1	1	1	1	1	1	1	1	1	1	1	1	1	1	1	1	1	1	1	1	1	1	1	1	1	1	1	1	1	1	1	1	1	1	1	1	1	1	1	1	1	1	1	1	1	1	1	1	1	1	1	1	1	1	1	1	1	1	1	1	1	1	1	1	1	1	1	1	1	1	1	1	1	1	1	1	1	1	1	1	1	1	1	1	1	1	1	1	1	1	1	1	1	1	1	1	1	1	1	1	1	1	1	1	1	1	1	1	1	1	1	1	1	1	1	1	1	1	1	1	1	1	1	1	1	1	1	1	1	1	1	1	1	1	1	1	1	1	1	1	1	1	1	1	1	1	1	1	1	1	1	1	1	1	1	1	1	1	1	1	1	1	1	1	1	1	1	1	1	1	1	1	1	1	1	1	1	1	1	1	1	1	1	1	1	1	1	1	1	1	1	1	1	1	1	1	1	1	1	1	1	1	1	1	1	1	1	1	1	1	1	1	1	1	1	1	1	1	1	1	1	1	1	1	1	1	1	1	1	1	1	1	1	1	1	1	1	1	1	1	1	1	1	1	1	1	1	1	1	1	1	1	1	1	1	1	1	1	1	1	1	1	1	1	1	1	1	1	1	1	1	1	1	1	1	1	1	1	1	1	1	1	1	1	1	1	1	1	1	1	1	1	1	1	1	1	1	1	1	1	1	1	1	1	1	1	1	1	1	1	1	1	1	1	1	1	1	1	1	1	1	1	1	1	1	1	1	1	1	1	1	1	1	1	1	1	1	1	1	1	1	1	1	1	1	1	1	1	1	1	1	1	1	1	1	1	1	1	1	1	1	1	1	1	1	1	1	1	1	1	1	1	1	1	1	1	1	1	1	1	1	1	1	1	1	1	1	1	1	1	1	1	1	1	1	1	1	1	1	1	1	1	1	1	1	1	1	1	1	1	1	1	1	1	1	1	1	1	1	1	1	1	1	1	1	1	1	1	1	1	1	1	1	1	1	1	1	1	1	1	1	1	1	1	1	1	1	1	1	1	1	1	1	1	1	1	1	1	1	1	1	1	1	1	1	1	1	1	1	1	1	1	1	1	1	1	1	1	1	1	1	1	1	1	1	1	1	1	1	1	1	1	1	1	1	1	1	1	1	1	1	1	1	1	1	1	1	1	1	1	1	1	1	1	1	1	1	1	1	1	1	1	1	1	1	1	1	1	1	1	1	1	1	1	1	1	1	1	1	1	1	1	1	1	1	1	1	1	1	1	1	1	1	1	1	1	1	1	1	1	1	1	1	1	1	1	1	1	1	1	1	1	1	1	1	1	1	1	1	1	1	1	1	1	1	1	1	1	1	1	1	1	1	1	1	1	1	1	1	1	1	1	1	1	1	1	1	1	1	1	1	1	1	1	1	1	1	1	1	1	1	1	1	1	1	1	1	1	1	1	1	1	1	1	1	1	1	1	1	1	1	1	1	1	1	1	1	1	1	1	1	1	1	1	1	1	1	1	1	1	1	1	1	1	1	1	1	1	1	1	1	1	1	1	1	1	1	1	1	1	1	1	1	1	1	1	1	1	1	1	1	1	1	1	1	1	1	1	1	1	1	1	1	1	1	1	1	1	1	1	1	1	1	1	1	1	1	1	1	1	1	1	1	1	1	1	1	1	1	1	1	1	1	1	1	1	1	1	1	1	1	1	1	1	1	1	1	1	1	1	1	1	1	1	1	1	1	1	1	1	1	1	1	1	1	1	1	1	1	1	1	1	1	1	1	1	1	1	1	1	1	1	1	1	1	1	1	1	1	1	1	1	1	1	1	1	1	1	1	1	1	1	1	1	1	1	1	1	1	1	1	1	1	1	1	1	1	1	1	1	1	1	1	1	1	1	1	1	1	1	1	1	1	1	1	1	1	1	1	1	1	1	1	1	1	2	2	2	2	2	2	2	2	2	2	2	2	2	2	2	2	2	2	2	2	2	2	2	2	2	2	2	2	2	2	2	2	2	2	2	2	2	2	2	2	2	2	2	2	2	2	2	2	2	2	2	2	2	2	2	2	2	2	2	2	2	2	2	2	2	2	2	2	2	2	2	2	2	2	2	2	2	2	2	2	2	2	2	2	2	2	2	2	2	2	2	2	2	2	2	2	2	2	2	2	2	2	2	2	2	2	2	2	2	2	2	2	2	2	2	2	2	2	2	2	2	2	2	2	2	2	2	2	2	2	2	2	2	2	2	2	2	2	2	2	2	2	2	2	2	2	2	2	2	2	2	2	2	2	2	2	2	2	2	2	2	2	2	2	2	2	2	2	2	2	2	2	2	2	2	2	2	2	2	2	2	2	2	2	2	2	2	2	2	2	2	2	2	2	2	2	2	2	2	2	2	2	2	2	2	2	2	2	2	2	2	2	2	2	2	2	2	2	2	2	2	2	2	2	2	2	2	2	2	2	2	2	2	2	2	2	2	2	2	2	2	2	2	2	2	2	2	2	2	2	2	2	2	2	2	2	2	2	2	2	2	2	2	2	2	2	2	2	2	2	2	2	2	2	2	2	2	2	2	2	3	3	3	3	3	3	3	3	3	3	3	3	3	3	3	3	3	3	3	3	3	3	3	3	3	3	3	3	3	3	3	3	3	3	3	3	3	3	3	3	3	3	3	3	3	3	3	3	3	3	3	3	3	3	3	3	3	3	3	3	3	3	3	3	3	3	3	3	3	3	3	3	3	3	3	3	3	3	3	3	3	3	3	3	3	3	3	3	3	3	3	3	3	3	3	3	3	3	3	3	3	3	3	3	3	3	3	3	3	3	3	3	3	3	3	3	3	3	3	3	3	3	3	3	3	3	3	3	3	3	3	3	3	3	3	3	3	3	3	3	3	3	3	3	3	3	3	3	3	3	3	3	3	3	3	3	3	3	3	3	3	3	3	3	3	3	3	3	3	3	3	3	3	3	3	3	3	3	3	3	4	4	4	4	4	4	4	4	4	4	4	4	4	4	4	4	4	4	4	4	4	4	4	4	4	4	4	4	4	4	4	4	4	4	4	4	4	4	4	4	4	4	4	4	4	4	4	4	4	4	4	4	4	4	4	4	4	4	4	4	4	4	4	4	4	4	4	4	4	4	4	4	4	4	4	4	4	4	4	4	4	4	4	4	4	4	4	4	4	4	4	4	4	4	4	4	4	4	4	4	4	4	4	4	4	4	4	4	4	4	4	4	4	4	4	4	4	4	4	4	4	4	4	4	4	5	5	5	5	5	5	5	5	5	5	5	5	5	5	5	5	5	5	5	5	5	5	5	5	5	5	5	5	5	5	5	5	5	5	5	5	5	5	5	5	5	5	5	5	5	5	5	5	5	5	5	5	5	5	5	5	5	5	5	5	5	5	5	5	5	5	5	5	5	5	5	5	5	5	5	5	5	5	5	5	5	5	5	5	5	5	5	5	6	6	6	6	6	6	6	6	6	6	6	6	6	6	6	6	6	6	6	6	6	6	6	6	6	6	6	6	6	6	6	6	6	6	6	6	6	6	6	6	6	6	6	6	6	6	6	6	6	6	6	6	6	6	6	6	7	7	7	7	7	7	7	7	7	7	7	7	7	7	7	7	7	7	7	7	7	7	7	7	7	7	7	7	7	7	7	7	7	7	7	7	7	7	7	7	7	7	7	7	7	7	8	8	8	8	8	8	8	8	8	8	8	8	8	8	8	8	8	8	8	8	8	8	8	8	8	8	8	8	8	8	8	8	8	8	8	8	8	8	8	8	8	8	8	8	8	8	8	8	8	8	8	8	8	8	8	8	9	9	9	9	9	9	9	9	9	9	9	9	9	9	9	9	9	9	9	9	9	9	9	9	9	9	9	9	9	9	9	9	9	9	9	9	9	9	9	9	9	9	9	10	10	10	10	10	10	10	10	10	10	10	10	10	10	10	10	10	10	10	10	10	10	11	11	11	11	11	11	11	11	11	11	11	11	11	11	11	11	11	11	11	11	11	11	11	11	11	11	11	11	11	11	11	11	11	11	11	11	11	11	11	11	11	11	11	11	11	11	11	11	11	11	11	11	12	12	12	12	12	12	12	12	12	12	12	12	12	12	12	12	12	12	12	12	12	12	12	12	12	12	12	12	12	12	12	12	12	12	12	12	12	12	12	12	12	12	12	12	12	12	12	12	12	12	12	12	12
LIST OF HOMONYMS: 4	1	2	11	2	7	6	2	6	1	4	12	9	2	1	2	8	12	5	3	4	9	4	2	1	1	3	5	5	2	6	1	5	7	1	4	1	2	1	1	7	2	3	1	8	1	1	1	1	1	1	1	1	2	1	12	1	1	12	1	3	4	12	1	1	1	1	1	11	2	1	1	2	7	1	1	1	4	1	1	1	1	1	1	3	1	1	9	1	12	1	1	1	1	5	3	2	2	4	1	11	1	1	12	1	1	4	1	1	2	1	5	1	1	10	1	4	1	2	1	1	7	1	2	11	1	6	1	2	12	9	2	3	8	1	1	11	5	1	9	3	2	11	4	1	1	2	1	2	2	1	3	1	10	1	8	1	6	7	3	1	1	1	5	3	3	3	7	4	4	3	1	11	6	6	1	8	2	3	1	2	4	2	1	1	1	9	1	1	9	4	3	1	1	2	9	2	1	11	3	2	2	2	11	1	3	1	4	1	1	2	8	11	5	2	1	4	4	8	3	7	3	1	3	1	1	1	4	4	8	2	2	4	1	3	11	1	5	4	2	1	1	1	5	1	1	7	1	10	2	1	1	5	7	1	1	2	4	3	1	2	1	5	2	1	1	4	1	8	7	7	5	1	1	3	1	1	1	1	2	1	4	6	4	1	1	8	11	1	6	2	1	1	1	1	9	10	1	1	12	1	11	2	1	1	2	1	8	1	1	10	1	1	1	1	2	3	3	1	3	3	1	1	1	6	5	4	1	9	3	4	1	1	4	1	8	1	1	1	3	1	5	1	1	6	4	1	1	1	2	1	2	4	2	4	1	1	11	3	12	2	1	5	9	1	1	1	4	1	4	1	1	1	4	8	2	2	4	5	1	1	1	1	3	1	2	2	7	1	2	2	2	1	1	3	1	1	6	1	3	4	1	9	6	5	1	1	3	1	1	2	12	5	1	1	1	2	1	5	12	1	2	1	3	3	4	1	1	5	1	3	4	1	1	4	3	2	3	7	1	1	1	1	1	1	1	1	1	1	2	2	3	5	5	2	1	1	2	11	9	1	2	1	1	11	4	1	1	1	5	2	3	4	1	1	10	2	1	4	1	3	4	2	8	1	1	1	1	1	1	12	1	1	2	1	1	1	9	7	1	6	1	3	1	1	4	1	1	1	1	1	1	1	1	1	1	3	12	1	1	1	1	1	6	9	1	1	1	10	2	1	2	10	9	1	1	2	4	1	12	2	2	1	1	2	4	3	8	2	1	8	7	1	1	1	2	3	1	1	1	1	5	1	1	1	3	1	2	3	1	1	9	1	2	1	11	2	8	3	8	1	3	1	1	4	2	1	2	1	1	2	1	4	1	2	1	1	1	1	1	1	5	1	3	1	4	3	1	1	1	6	1	2	2	1	2	3	8	1	1	1	4	8	1	7	2	2	2	3	3	1	3	1	1	4	3	1	1	12	3	1	1	2	1	6	11	1	1	1	1	11	1	1	2	1	3	12	8	1	2	7	4	1	3	3	3	3	1	1	1	1	1	1	1	3	1	2	5	5	3	7	12	1	3	7	2	1	1	8	1	4	1	8	2	1	10	11	12	1	8	2	2	1	1	6	1	3	1	3	1	3	1	1	1	2	2	1	4	3	5	6	3	6	3	5	1	3	5	8	6	11	1	1	1	3	1	1	1	8	2	3	2	1	2	9	1	1	6	2	1	1	11	9	12	2	5	2	1	3	3	11	2	2	8	1	7	1	1	1	3	2	1	4	1	1	2	5	1	2	1	1	3	9	1	9	3	4	10	2	8	1	6	3	1	8	2	1	3	4	2	1	2	10	6	1	1	1	2	9	3	11	1	1	1	3	1	2	2	3	6	1	1	7	7	2	1	1	3	5	3	1	1	1	8	5	1	1	2	7	6	1	11	2	4	8	1	2	3	2	1	1	1	1	2	1	4	2	1	12	8	2	2	2	3	6	1	6	1	4	1	1	2	8	7	1	1	1	1	2	1	5	5	1	11	4	1	4	6	2	1	10	1	1	5	1	2	2	5	1	3	1	1	1	5	1	2	1	7	1	1	1	1	1	1	1	6	1	6	4	4	1	1	4	1	2	2	1	4	1	1	1	9	2	3	1	2	6	1	1	10	8	1	1	1	1	1	1	8	1	1	11	1	1	5	11	1	1	2	1	1	3	2	1	3	1	3	1	2	10	1	3	6	1	1	9	3	1	4	11	6	4	1	1	3	1	5	1	1	2	7	5	1	2	1	1	1	1	1	3	1	1	1	2	7	2	11	1	11	1	1	3	1	1	1	9	1	2	11	1	7	1	2	2	1	1	11	1	1	4	2	5	11	1	4	1	2	1	1	10	2	3	2	2	8	1	2	1	1	1	9	2	2	5	3	1	2	1	4	5	3	1	1	1	1	4	6	9	1	2	4	2	1	1	1	1	1	1	2	1	1	3	3	2	2	1	2	1	1	1	1	1	1	12	1	1	1	1	12	3	1	1	1	6	6	1	9	7	1	6	1	3	12	1	1	1	1	3	1	9	1	2	2	5	1	3	6	12	5	1	1	1	3	1	3	3	1	4	2	1	1	4	1	10	1	1	11	2	1	1	12	1	1	1	2	4	1	1	1	1	9	3	1	1	1	2	3	9	3	1	2	2	1	1	1	1	1	1	1	5	7	3	1	1	4	2	2	3	12	7	1	8	2	12	7	3	7	1	1	3	1	4	1	1	12	1	1	1	5	1	4	5	1	4	1	1	2	1	12	3	3	1	1	11	1	2	1	1	2	1	1	2	1	1	2	1	1	2	1	10	1	1	2	1	9	1	5	3	5	8	1	1	1	1	1	1	1	1	1	1	2	5	1	11	1	3	2	1	6	4	2	1	1	4	7	1	3	5	8	5	1	12	1	1	2	4	1	1	2	11	9	1	2	1	3	1	3	1	5	4	12	2	4	10	1	10	3	1	2	1	1	5	3	1	5	2	1	1	3	1	1	3	1	5	12	1	1	12	5	10	2	2	1	1	6	1	1	1	1	1	1	8	1	1	2	1	1	2	7	1	12	2	2	2	4	1	1	6	1	3	1	2	9	1	2	6	11	1	1	8	6	1	1	2	5	10	2	3	1	1	2	1	1	4	2	3	1	2	2	1	7	5	1	4	1	12	1	3	4	1	1	4	2	4	9	1	9	1	1	2	1	2	3	1	1	1	12	3	1	2	2	5	6	12	4	4	1	1	9	4	1	1	1	1	1	1	1	2	1	12	1	1	1	3	5	4	1	11	5	5	1	4	1	1	1	1	1	1	1	8	1	1	12	1	1	1	1	2	1	11	5	7	3	2	2	2	5	1	8	11	4	1	2	1	1	1	8	3	1	1	1	2	1	1	1	11	2	4	1	1	3	2	2	2	5	1	1	5	3	3	1	12	1	1	2	1	12	12	1	1	1	2	1	12	2	1	1	12	2	4	1	1	4	1	1	1	1	11	11	1	2	1	3	1	3	1	1	1	1	1	9	1	1	1	1	3	3	6	2	1	1	3	1	1	1	1	2	1	1	1	2	3	2	4	11	1	1	4	1	1	3	2	2	6	2	5	5	1	1	3	4	2	7	1	3	3	6	2	4	5	11	1	8	1	12	1	12	2	4	3	2	2	1	1	1	1	1	3	1	3	2	1	4	8	1	11	6	12	1	8	8	1	1	1	1	2	1	1	1	3	1	3	2	1	4	5	1	1	1	2	5	5	2	1	1	1	1	2	2	1	3	2	1	1	1	4	1	2	2	4	1	2	11	9	5	1	2	1	1	2	1	4	12	2	4	6	1	1	1	1	7	1	1	2	1	3	2	3	1	1	1	1	1	1	1	1	3	1	1	2	8	4	4	6	5	8	3	1	1	1	12	1	3	1	1	3	2	1	2	1	2	2	1	1	1	6	7	4	9	3	1	3	5	1	1	9	1	3	2	1	1	1	1	2	1	1	2	3	1	1	4	2	3	5	4	1	1	1	3	3	1	7	1	2	2	1	1	1	3	3	1	5	11	2	2	1	2	12	4	12	2	4	1	12	1	3	1	6	3	2	1	11	4	1	7	11	4	8	1	2	1	1	2	9	4	7	3	5	1	1	1	1	1	9	8	6	1	1	1	1	1	1	5	1	1	1	4	2	1	8	5	1	8	3	3	8	1	2	7	1	6	1	1	1	5	1	2	1	4	5	1	1	8	1	1	1	6	1	1	3	1	1	1	1	1	4	3	1	1	1	1	2	2	7	1	2	2	1	10	1	2
ELAPSED TIME S: 3023.631
ELAPSED TIME M: 50.39385
