[<http://www.w3.org/2004/02/skos/core#prefLabel>=<http://www.w3.org/2000/01/rdf-schema#label>] 0.6 2 
TIME: 5.577
CARDINALITY: 0.0
TOTAL: 23.0
SUCCESS: 0.0
FAILURES: 23.0
GLOBAL SUCESS CHANCE: 0.0
Elapse time: 0.232375
Cardinality Ratio: 1.0
Failure Ratio: 1.0
Cost: 1.02664411585758
[<http://www.w3.org/2004/02/skos/core#prefLabel>=<http://xmlns.com/foaf/0.1/name>] 0.6 2 
TIME: 5.217
CARDINALITY: 0.0
TOTAL: 23.0
SUCCESS: 0.0
FAILURES: 23.0
GLOBAL SUCESS CHANCE: 0.0
Elapse time: 0.217375
Cardinality Ratio: 1.0
Failure Ratio: 1.0
Cost: 1.02335325798328
[<http://www.w3.org/2004/02/skos/core#prefLabel>=<http://www.w3.org/2000/01/rdf-schema#label>] 0.6 1 
TIME: 1504.681
CARDINALITY: 2894.0
TOTAL: 1919.0
SUCCESS: 1887.0
FAILURES: 32.0
GLOBAL SUCESS CHANCE: 0.605195638229634
Elapse time: 0.783688020833333
Cardinality Ratio: 0.348186528497409
Failure Ratio: 0.0171875
Cost: 0.857555113461953
[<http://www.w3.org/2004/02/skos/core#prefLabel>=<http://www.w3.org/2000/01/rdf-schema#label>] 0.6 4 
TIME: 12.133
CARDINALITY: 6.0
TOTAL: 18.0
SUCCESS: 3.0
FAILURES: 15.0
GLOBAL SUCESS CHANCE: 0.00096215522771007
Elapse time: 0.638578947368421
Cardinality Ratio: 0.571428571428571
Failure Ratio: 0.842105263157895
Cost: 0.856921049027889
[<http://www.w3.org/2004/02/skos/core#prefLabel>=<http://www.w3.org/2000/01/rdf-schema#label>] 0.6 5 
TIME: 12.215
CARDINALITY: 6.0
TOTAL: 18.0
SUCCESS: 3.0
FAILURES: 15.0
GLOBAL SUCESS CHANCE: 0.00096215522771007
Elapse time: 0.642894736842105
Cardinality Ratio: 0.571428571428571
Failure Ratio: 0.842105263157895
Cost: 0.860141996942469
[<http://www.w3.org/2004/02/skos/core#prefLabel>=<http://www.w3.org/2000/01/rdf-schema#label>] 0.6 3 
TIME: 12.956
CARDINALITY: 7.0
TOTAL: 19.0
SUCCESS: 4.0
FAILURES: 15.0
GLOBAL SUCESS CHANCE: 0.00128287363694676
Elapse time: 0.6478
Cardinality Ratio: 0.5
Failure Ratio: 0.8
Cost: 0.818318299929801
[<http://www.w3.org/2004/02/skos/core#prefLabel>=<http://xmlns.com/foaf/0.1/name>] 0.6 1 
TIME: 1359.71
CARDINALITY: 4156.0
TOTAL: 1045.0
SUCCESS: 899.0
FAILURES: 146.0
GLOBAL SUCESS CHANCE: 0.288325849903784
Elapse time: 1.29991395793499
Cardinality Ratio: 0.783738272792879
Failure Ratio: 0.140535372848948
Cost: 1.51790051659342
[<http://www.w3.org/2004/02/skos/core#prefLabel>=<http://xmlns.com/foaf/0.1/name>] 0.6 3 
TIME: 45.694
CARDINALITY: 36.0
TOTAL: 19.0
SUCCESS: 7.0
FAILURES: 12.0
GLOBAL SUCESS CHANCE: 0.00224502886465683
Elapse time: 2.2847
Cardinality Ratio: 0.810810810810811
Failure Ratio: 0.65
Cost: 2.4243077900563
[<http://www.w3.org/2004/02/skos/core#prefLabel>=<http://xmlns.com/foaf/0.1/name>] 0.6 4 
TIME: 29.633
CARDINALITY: 34.0
TOTAL: 17.0
SUCCESS: 5.0
FAILURES: 12.0
GLOBAL SUCESS CHANCE: 0.00160359204618345
Elapse time: 1.64627777777778
Cardinality Ratio: 0.857142857142857
Failure Ratio: 0.722222222222222
Cost: 1.85605075338902
[<http://www.w3.org/2004/02/skos/core#prefLabel>=<http://xmlns.com/foaf/0.1/name>] 0.6 5 
TIME: 79.341
CARDINALITY: 32.0
TOTAL: 17.0
SUCCESS: 4.0
FAILURES: 13.0
GLOBAL SUCESS CHANCE: 0.00128287363694676
Elapse time: 4.40783333333333
Cardinality Ratio: 0.878787878787879
Failure Ratio: 0.777777777777778
Cost: 4.49458149668564
HEURISTIC ELAPSED TIME: 3678.969
Parameters:
verbose => false
logfile => 
source => http://localhost:8890/sparql?default-graph-uri=http://nytimes.org
target => http://lod.openlinksw.com/sparql?default-graph-uri=http://dbpedia.org
class =>  <http://data.nytimes.com/elements/nytd_geo> 
append => a
format => txt
chunk => 150
topk => 1
offset => 0
stringthreshold => 0.7
usepivot => true
blocking => true
transitionupdate => false
globalrecall => true
aligner => HierarchicalClusterAligner
ranker => TimeBasedTransitionRanking
selector => DecisionTreeSelectionAlgorithm
searcher => BranchAndBound
learningpercent => 0.1
transitionfailurerate => 1.0
qconly => false
name => SondaA
$shuffle
true
$orderbyclause

$orderby

 & SondaA  & 10 & 1.62   & 188.22  & 3077.71 & 29.44 & 77.4 & 42.66  \\ 
LEARNING TIME: 188.224
SEARCH TIME: 3077.71
MATCHER TIME: 593.949
TOTAL TIME: 3859.88
PAIR COMPLETENESS: 0.773958333333333
RECALL: 0.713020833333333
PRECISON: 0.724722075172049
FMEASURE: 0.718823838277763
FOUND INSTANCES: 1889
NUMBER QUERIES: 3118
RATIO NUMBER QUERIES / INSTANCES: 1.62395833333333
RATIO QUERIES/POSITIVES: 0.901860166773573
RATIO QUERIES/NEGATIVES: 0.0981398332264272
NUMBER HOMONYMS: 6416
RATIO HOMONYMS/INSTANCES: 3.39650608787718
INSTANCES / HOMONYMS RATIO: 0.294420199501247
SORTED LIST OF HOMONYMS: 1	1	1	1	1	1	1	1	1	1	1	1	1	1	1	1	1	1	1	1	1	1	1	1	1	1	1	1	1	1	1	1	1	1	1	1	1	1	1	1	1	1	1	1	1	1	1	1	1	1	1	1	1	1	1	1	1	1	1	1	1	1	1	1	1	1	1	1	1	1	1	1	1	1	1	1	1	1	1	1	1	1	1	1	1	1	1	1	1	1	1	1	1	1	1	1	1	1	1	1	1	1	1	1	1	1	1	1	1	1	1	1	1	1	1	1	1	1	1	1	1	1	1	1	1	1	1	1	1	1	1	1	1	1	1	1	1	1	1	1	1	1	1	1	1	1	1	1	1	1	1	1	1	1	1	1	1	1	1	1	1	1	1	1	1	1	1	1	1	1	1	1	1	1	1	1	1	1	1	1	1	1	1	1	1	1	1	1	1	1	1	1	1	1	1	1	1	1	1	1	1	1	1	1	1	1	1	1	1	1	1	1	1	1	1	1	1	1	1	1	1	1	1	1	1	1	1	1	1	1	1	1	1	1	1	1	1	1	1	1	1	1	1	1	1	1	1	1	1	1	1	1	1	1	1	1	1	1	1	1	1	1	1	1	1	1	1	1	1	1	1	1	1	1	1	1	1	1	1	1	1	1	1	1	1	1	1	1	1	1	1	1	1	1	1	1	1	1	1	1	1	1	1	1	1	1	1	1	1	1	1	1	1	1	1	1	1	1	1	1	1	1	1	1	1	1	1	1	1	1	1	1	1	1	1	1	1	1	1	1	1	1	1	1	1	1	1	1	1	1	1	1	1	1	1	1	1	1	1	1	1	1	1	1	1	1	1	1	1	1	1	1	1	1	1	1	1	1	1	1	1	1	1	1	1	1	1	1	1	1	1	1	1	1	1	1	1	1	1	1	1	1	1	1	1	1	1	1	1	1	1	1	1	1	1	1	1	1	1	1	1	1	1	1	1	1	1	1	1	1	1	1	1	1	1	1	1	1	1	1	1	1	1	1	1	1	1	1	1	1	1	1	1	1	1	1	1	1	1	1	1	1	1	1	1	1	1	1	1	1	1	1	1	1	1	1	1	1	1	1	1	1	1	1	1	1	1	1	1	1	1	1	1	1	1	1	1	1	1	1	1	1	1	1	1	1	1	1	1	1	1	1	1	1	1	1	1	1	1	1	1	1	1	1	1	1	1	1	1	1	1	1	1	1	1	1	1	1	1	1	1	1	1	1	1	1	1	1	1	1	1	1	1	1	1	1	1	1	1	1	1	1	1	1	1	1	1	1	1	1	1	1	1	1	1	1	1	1	1	1	1	1	1	1	1	1	1	1	1	1	1	1	1	1	1	1	1	1	1	1	1	1	1	1	1	1	1	1	1	1	1	1	1	1	1	1	1	1	1	1	1	1	1	1	1	1	1	1	1	1	1	1	1	1	1	1	1	1	1	1	1	1	1	1	1	1	1	1	1	1	1	1	1	1	1	1	1	1	1	1	1	1	1	1	1	1	1	1	1	1	1	1	1	1	1	1	1	1	1	1	1	1	1	1	1	1	1	1	1	1	1	1	1	1	1	1	1	1	1	1	1	1	1	1	1	1	1	1	1	1	1	1	1	1	1	1	1	1	1	1	1	1	1	1	1	1	1	1	1	1	1	1	1	1	1	1	1	1	1	1	1	1	1	1	1	1	1	1	1	1	1	1	1	1	1	1	1	1	1	1	1	1	1	1	1	1	1	1	1	1	1	1	1	1	1	1	1	1	1	1	1	1	1	1	1	1	1	1	1	1	1	1	1	1	1	1	1	1	1	1	1	1	1	1	1	1	1	1	1	1	1	1	1	1	1	1	1	1	1	1	1	1	1	1	1	1	1	1	1	1	1	1	1	1	1	1	1	1	1	1	1	1	1	1	1	1	1	1	1	1	1	1	1	1	1	1	1	1	1	1	1	1	1	1	1	1	1	1	1	1	1	1	1	1	1	1	1	1	2	2	2	2	2	2	2	2	2	2	2	2	2	2	2	2	2	2	2	2	2	2	2	2	2	2	2	2	2	2	2	2	2	2	2	2	2	2	2	2	2	2	2	2	2	2	2	2	2	2	2	2	2	2	2	2	2	2	2	2	2	2	2	2	2	2	2	2	2	2	2	2	2	2	2	2	2	2	2	2	2	2	2	2	2	2	2	2	2	2	2	2	2	2	2	2	2	2	2	2	2	2	2	2	2	2	2	2	2	2	2	2	2	2	2	2	2	2	2	2	2	2	2	2	2	2	2	2	2	2	2	2	2	2	2	2	2	2	2	2	2	2	2	2	2	2	2	2	2	2	2	2	2	2	2	2	2	2	2	2	2	2	2	2	2	2	2	2	2	2	2	2	2	2	2	2	2	2	2	2	2	2	2	2	2	2	2	2	2	2	2	2	2	2	2	2	2	2	2	2	2	2	2	2	2	2	2	2	2	2	2	2	2	2	2	2	2	2	2	2	2	2	2	2	2	2	2	2	2	2	2	2	2	2	2	2	2	2	2	2	2	2	2	2	2	2	2	2	2	2	2	2	2	2	2	2	2	2	2	2	2	2	2	2	2	2	2	2	2	2	2	2	2	2	2	2	2	2	2	2	2	3	3	3	3	3	3	3	3	3	3	3	3	3	3	3	3	3	3	3	3	3	3	3	3	3	3	3	3	3	3	3	3	3	3	3	3	3	3	3	3	3	3	3	3	3	3	3	3	3	3	3	3	3	3	3	3	3	3	3	3	3	3	3	3	3	3	3	3	3	3	3	3	3	3	3	3	3	3	3	3	3	3	3	3	3	3	3	3	3	3	3	3	3	3	3	3	3	3	3	3	3	3	3	3	3	3	3	3	3	3	3	3	3	3	3	3	3	3	3	3	3	3	3	3	3	3	3	3	3	3	3	3	3	3	3	3	3	3	3	3	3	3	3	3	3	3	3	3	3	3	3	3	3	3	3	3	3	3	3	3	3	3	3	3	3	3	3	3	3	3	3	3	3	3	3	3	3	3	3	3	3	4	4	4	4	4	4	4	4	4	4	4	4	4	4	4	4	4	4	4	4	4	4	4	4	4	4	4	4	4	4	4	4	4	4	4	4	4	4	4	4	4	4	4	4	4	4	4	4	4	4	4	4	4	4	4	4	4	4	4	4	4	4	4	4	4	4	4	4	4	4	4	4	4	4	4	4	4	4	4	4	4	4	4	4	4	4	4	4	4	4	4	4	4	4	4	4	4	4	4	4	4	4	4	4	4	4	4	4	4	4	4	4	4	4	4	4	4	4	4	4	4	4	4	4	5	5	5	5	5	5	5	5	5	5	5	5	5	5	5	5	5	5	5	5	5	5	5	5	5	5	5	5	5	5	5	5	5	5	5	5	5	5	5	5	5	5	5	5	5	5	5	5	5	5	5	5	5	5	5	5	5	5	5	5	5	5	5	5	5	5	5	5	5	5	5	5	5	5	5	5	5	5	5	5	5	5	5	5	5	5	5	5	5	6	6	6	6	6	6	6	6	6	6	6	6	6	6	6	6	6	6	6	6	6	6	6	6	6	6	6	6	6	6	6	6	6	6	6	6	6	6	6	6	6	6	6	6	6	6	6	6	6	6	6	6	6	6	6	6	7	7	7	7	7	7	7	7	7	7	7	7	7	7	7	7	7	7	7	7	7	7	7	7	7	7	7	7	7	7	7	7	7	7	7	7	7	7	7	7	7	7	7	7	7	7	8	8	8	8	8	8	8	8	8	8	8	8	8	8	8	8	8	8	8	8	8	8	8	8	8	8	8	8	8	8	8	8	8	8	8	8	8	8	8	8	8	8	8	8	8	8	8	8	8	8	8	8	8	8	8	8	8	8	8	8	9	9	9	9	9	9	9	9	9	9	9	9	9	9	9	9	9	9	9	9	9	9	9	9	9	9	9	9	9	9	9	9	9	9	9	9	9	9	9	9	9	9	10	10	10	10	10	10	10	10	10	10	10	10	10	10	10	10	10	10	10	10	10	10	10	10	11	11	11	11	11	11	11	11	11	11	11	11	11	11	11	11	12	12	12	12	12	12	12	12	12	12	12	12	12	12	12	12	12	12	12	12	12	12	13	13	13	13	13	13	13	13	13	13	13	13	13	13	14	14	14	14	14	14	14	14	15	15	15	15	15	15	15	15	16	16	16	17	17	17	17	17	18	18	18	18	19	19	20	20	20	20	20	20	20	20	21	21	23	23	23	23	24	24	25	26	28	30	30	31	31	32	32	32
LIST OF HOMONYMS: 5	1	2	11	2	8	6	2	6	1	4	20	3	2	2	2	8	12	5	3	4	9	4	2	1	1	3	5	5	2	6	1	5	7	1	4	1	2	1	1	7	2	3	1	8	1	1	1	1	1	1	1	1	2	1	20	1	1	32	1	3	4	13	1	1	1	1	1	13	2	1	1	2	7	1	1	1	4	1	1	1	1	1	1	3	1	1	9	1	13	1	1	1	1	5	3	2	2	4	1	19	1	1	23	1	1	4	1	1	2	1	5	1	1	10	1	4	1	2	1	1	7	1	2	16	1	6	1	2	15	9	2	3	8	1	1	18	5	1	9	3	2	18	4	1	1	2	1	2	2	1	3	1	10	1	8	1	6	7	3	1	1	1	5	3	3	3	7	4	4	3	1	14	6	6	1	8	2	3	1	2	4	2	1	1	1	9	1	1	9	4	3	1	1	2	9	2	1	13	3	2	2	2	11	1	3	1	4	1	1	2	8	14	5	2	1	4	4	8	3	7	3	1	3	1	1	1	4	4	8	2	2	4	1	3	14	1	5	4	2	8	1	1	5	14	1	7	1	10	2	1	1	5	7	1	1	2	4	3	1	2	1	5	2	1	1	4	1	8	7	7	5	1	1	3	1	1	1	1	2	1	4	6	4	1	1	8	18	1	6	2	1	1	1	1	9	10	1	1	30	1	31	2	1	1	2	1	8	1	1	10	1	1	8	1	2	3	3	1	3	3	1	1	1	6	5	4	1	9	3	4	1	1	4	1	8	1	1	1	3	1	5	1	1	6	4	1	1	1	2	1	2	4	2	4	1	1	12	3	14	2	1	5	9	1	1	1	4	1	4	1	1	1	4	8	2	2	4	5	1	1	1	1	3	1	2	2	7	1	2	2	2	1	1	3	1	1	6	1	3	4	1	9	6	5	1	1	3	1	1	2	13	5	1	1	1	2	1	5	28	1	2	1	3	3	4	1	1	5	1	3	4	1	1	4	3	2	3	7	1	1	1	1	1	1	1	1	1	1	2	2	3	5	5	2	1	1	2	12	9	1	2	1	1	12	4	1	12	1	5	2	3	4	1	1	10	2	1	4	1	3	4	2	8	1	1	1	1	1	1	12	1	1	2	1	1	1	9	7	1	6	1	3	1	1	4	1	1	1	1	1	1	1	1	1	1	3	20	1	1	1	1	1	6	9	1	1	1	10	2	1	2	10	9	1	1	2	4	1	16	2	2	1	1	2	4	3	8	2	1	8	7	1	1	1	2	3	1	1	1	1	5	1	1	1	3	1	2	3	1	1	9	1	2	1	11	2	8	3	8	1	3	1	1	4	2	1	2	1	1	2	1	4	1	2	1	1	1	1	1	1	5	1	3	1	4	3	1	1	1	6	1	2	2	1	2	3	8	1	1	1	4	8	1	7	2	2	2	3	3	1	3	1	1	4	3	1	1	20	3	1	1	2	1	6	12	1	1	1	1	11	1	1	2	1	3	13	8	1	2	7	4	1	3	3	3	3	1	1	1	1	1	1	1	3	1	2	5	5	3	7	17	1	3	7	2	1	1	8	1	4	1	8	2	1	10	20	24	1	8	2	2	1	1	6	1	3	1	3	1	3	1	1	1	2	2	1	4	3	5	6	3	6	3	5	1	3	5	8	6	14	1	1	1	3	1	1	1	8	2	3	2	1	2	9	1	1	6	2	1	1	11	9	16	2	5	2	1	3	3	12	2	2	8	1	7	1	1	1	3	2	1	4	1	1	2	5	7	2	1	1	3	9	1	9	3	4	10	2	8	1	6	3	1	8	2	1	3	4	2	1	2	10	6	1	1	1	2	9	3	12	1	1	1	3	1	2	2	3	6	1	1	7	7	2	1	1	3	5	3	1	1	1	8	5	1	1	2	7	6	1	13	2	4	8	1	2	3	2	1	1	1	1	2	1	4	2	1	32	8	2	2	2	3	6	1	6	1	4	1	1	2	8	7	1	1	1	1	2	1	5	5	1	12	4	1	4	6	2	1	10	1	1	5	1	2	2	5	1	3	1	1	1	5	1	2	1	7	1	10	1	1	1	1	1	6	1	6	4	4	1	1	4	1	2	2	1	4	1	1	1	9	2	3	1	2	6	1	1	10	8	1	1	1	1	1	1	8	1	1	11	1	1	5	12	1	1	2	1	1	3	2	1	3	1	3	1	2	10	1	3	6	1	1	9	3	1	4	11	6	4	1	1	3	1	5	1	1	2	7	5	1	2	1	1	1	1	1	3	1	1	1	2	7	2	11	1	12	1	1	3	1	1	1	9	1	2	11	1	7	1	2	2	1	1	17	1	1	4	2	5	12	1	4	1	2	1	1	10	2	3	2	2	8	1	2	1	1	1	9	2	2	5	3	1	2	1	4	5	3	1	1	1	1	4	6	9	1	2	4	2	1	1	1	1	1	11	2	1	1	3	3	2	2	1	2	1	1	1	1	1	1	15	1	1	1	1	32	3	1	1	1	6	6	1	9	7	1	6	1	3	21	1	1	1	1	3	1	9	1	2	2	5	1	3	6	21	5	1	1	1	3	1	3	3	1	4	2	1	1	4	1	10	1	1	13	2	1	1	20	1	1	1	2	4	1	1	1	1	9	3	1	1	1	2	3	9	3	1	2	2	1	1	1	1	1	1	1	5	7	3	1	1	4	2	2	3	15	7	1	8	2	15	7	3	7	1	1	3	1	4	1	1	12	1	1	1	5	1	4	5	1	4	1	1	2	1	23	3	3	1	1	14	2	1	1	2	1	1	2	1	1	2	1	1	2	1	10	1	1	2	1	9	1	5	3	5	8	1	1	1	1	1	1	1	1	1	1	2	5	1	11	1	3	2	1	6	4	2	1	1	4	7	1	3	5	8	5	1	15	1	1	2	4	1	1	2	11	9	1	2	1	3	1	3	1	5	4	12	2	4	10	1	10	3	1	2	1	1	5	3	1	5	2	1	1	3	1	1	3	1	5	13	1	1	31	5	10	2	2	1	1	6	1	1	1	1	1	1	8	1	1	2	1	1	2	7	1	12	2	2	2	4	1	1	6	1	3	1	2	9	1	2	6	12	1	1	8	6	1	1	2	5	10	2	3	1	1	2	1	1	4	2	3	1	2	2	1	7	5	1	4	1	30	1	3	4	1	1	4	2	4	9	1	9	1	1	2	1	2	3	1	1	1	19	3	1	2	2	5	6	20	4	4	1	1	9	4	1	1	1	1	1	1	1	2	1	23	1	1	1	3	5	4	1	11	5	5	1	4	1	1	1	1	1	1	1	8	1	1	17	1	1	1	1	2	1	13	5	7	3	2	2	2	5	1	8	26	4	1	2	1	1	1	8	3	1	1	1	2	1	1	1	17	2	4	1	1	3	2	2	2	5	1	1	5	3	3	1	25	1	1	2	1	15	12	1	1	1	2	1	24	2	1	1	18	2	4	1	1	4	1	1	1	1	12	11	1	2	1	3	1	3	1	1	1	1	1	9	1	1	1	1	3	3	6	2	1	1	3	1	1	1	1	2	1	1	1	2	3	2	4	12	1	1	4	1	1	3	2	2	6	2	5	5	1	1	3	4	2	7	1	3	3	6	2	4	5	11	1	8	1	20	1	17	2	4	3	2	2	1	1	1	1	1	3	1	3	2	1	4	8	1	12	6	13	1	8	8	1	1	1	1	2	1	1	1	3	1	3	2	1	4	5	1	1	1	2	5	5	2	1	1	1	1	2	2	1	3	2	1	1	1	4	1	2	2	4	1	2	15	9	5	1	2	1	1	2	1	4	12	2	4	6	1	1	1	1	7	1	1	2	1	3	2	3	1	1	1	1	1	1	1	10	3	1	1	2	8	4	4	6	5	8	3	1	1	1	23	1	3	1	1	3	2	1	2	1	2	2	1	1	1	6	7	4	9	3	1	3	5	1	1	9	1	3	2	1	1	1	1	2	1	1	2	3	1	1	4	2	3	5	4	1	1	1	3	3	1	7	1	2	2	1	1	1	3	3	1	5	13	2	2	1	2	13	4	14	2	4	1	13	1	3	1	6	3	2	1	11	4	1	7	15	4	8	1	2	1	1	2	9	4	7	3	5	1	1	1	1	1	9	8	6	1	1	1	1	1	1	5	1	1	1	4	2	1	8	5	1	8	3	3	8	1	2	7	1	6	1	1	1	5	1	2	1	4	5	1	1	8	1	1	1	6	1	1	3	1	1	1	1	1	4	3	8	1	1	1	2	2	7	1	2	2	1	10	1	2
ELAPSED TIME S: 3901.568
ELAPSED TIME M: 65.0261333333333
