HEURISTIC ELAPSED TIME: 3740.202
Parameters:
verbose => false
logfile => 
source => http://localhost:8890/sparql?default-graph-uri=http://nytimes.org
target => http://localhost:8894/sparql?default-graph-uri=http://dbpedia.org
class =>  <http://data.nytimes.com/elements/nytd_geo> 
append => a
format => txt
chunk => 150
topk => 1
offset => 0
stringthreshold => 0.7
usepivot => true
blocking => true
transitionupdate => false
globalrecall => true
aligner => HierarchicalClusterAligner
ranker => TimeBasedTransitionRanking
selector => DecisionTreeSelectionAlgorithm
searcher => Baseline
learningpercent => 0.1
transitionfailurerate => 1.0
qconly => false
sparqllimit => 100
name => S-based
$shuffle
true
$orderbyclause

$orderby

 & S-based  & 4 & 4.0   & 264.82  & 3443.83 & 24.6 & 55.21 & 34.03  \\ 
LEARNING TIME: 264.818
SEARCH TIME: 3443.832
MATCHER TIME: 277.725
TOTAL TIME: 3986.37
PAIR COMPLETENESS: 0.552083333333333
RECALL: 0.454166666666667
PRECISON: 0.713584288052373
FMEASURE: 0.555060471037556
FOUND INSTANCES: 1200
NUMBER QUERIES: 7680
RATIO NUMBER QUERIES / INSTANCES: 4.0
RATIO QUERIES/POSITIVES: 0.300260416666667
RATIO QUERIES/NEGATIVES: 0.699739583333333
NUMBER HOMONYMS: 4878
RATIO HOMONYMS/INSTANCES: 4.065
INSTANCES / HOMONYMS RATIO: 0.2460024600246
SORTED LIST OF HOMONYMS: 1	1	1	1	1	1	1	1	1	1	1	1	1	1	1	1	1	1	1	1	1	1	1	1	1	1	1	1	1	1	1	1	1	1	1	1	1	1	1	1	1	1	1	1	1	1	1	1	1	1	1	1	1	1	1	1	1	1	1	1	1	1	1	1	1	1	1	1	1	1	1	1	1	1	1	1	1	1	1	1	1	1	1	1	1	1	1	1	1	1	1	1	1	1	1	1	1	1	1	1	1	1	1	1	1	1	1	1	1	1	1	1	1	1	1	1	1	1	1	1	1	1	1	1	1	1	1	1	1	1	1	1	1	1	1	1	1	1	1	1	1	1	1	1	1	1	1	1	1	1	1	1	1	1	1	1	1	1	1	1	1	1	1	1	1	1	1	1	1	1	1	1	1	1	1	1	1	1	1	1	1	1	1	1	1	1	1	1	1	1	1	1	1	1	1	1	1	1	1	1	1	1	1	1	1	1	1	1	1	1	1	1	1	1	1	1	1	1	1	1	1	1	1	1	1	1	1	1	1	1	1	1	1	1	1	1	1	1	1	1	1	1	1	1	1	1	1	1	1	1	1	1	1	1	1	1	1	1	1	1	1	1	1	1	1	1	1	1	1	1	1	1	1	1	1	1	1	1	1	1	1	1	1	1	1	1	1	1	1	1	1	1	1	1	1	1	1	1	1	1	1	1	1	1	1	1	1	1	1	1	1	1	1	1	1	1	1	1	1	1	1	1	1	1	1	1	1	1	1	1	1	1	1	1	1	1	1	1	1	1	1	1	1	1	1	1	1	1	1	1	1	1	1	1	1	1	1	1	1	1	1	1	1	1	1	1	1	1	1	1	1	1	1	1	1	1	1	1	1	1	1	1	1	1	1	1	1	1	1	1	1	1	1	1	1	1	1	1	1	1	1	1	1	1	1	1	1	1	1	1	1	1	1	1	1	1	1	1	1	1	1	1	1	1	1	1	1	1	1	1	1	1	1	1	1	1	1	1	1	1	1	1	1	1	1	1	1	1	1	1	1	1	1	1	1	1	1	2	2	2	2	2	2	2	2	2	2	2	2	2	2	2	2	2	2	2	2	2	2	2	2	2	2	2	2	2	2	2	2	2	2	2	2	2	2	2	2	2	2	2	2	2	2	2	2	2	2	2	2	2	2	2	2	2	2	2	2	2	2	2	2	2	2	2	2	2	2	2	2	2	2	2	2	2	2	2	2	2	2	2	2	2	2	2	2	2	2	2	2	2	2	2	2	2	2	2	2	2	2	2	2	2	2	2	2	2	2	2	2	2	2	2	2	2	2	2	2	2	2	2	2	2	2	2	2	2	2	2	2	2	2	2	2	2	2	2	2	2	2	2	2	2	2	2	2	2	2	2	2	2	2	2	2	2	2	2	2	2	2	2	2	2	2	2	2	2	2	2	2	2	2	2	2	2	2	2	2	2	2	2	2	2	2	2	2	2	2	2	2	2	2	2	2	2	3	3	3	3	3	3	3	3	3	3	3	3	3	3	3	3	3	3	3	3	3	3	3	3	3	3	3	3	3	3	3	3	3	3	3	3	3	3	3	3	3	3	3	3	3	3	3	3	3	3	3	3	3	3	3	3	3	3	3	3	3	3	3	3	3	3	3	3	3	3	3	3	3	3	3	3	3	3	3	3	3	3	3	3	3	3	3	3	3	3	3	3	3	3	3	3	3	3	3	3	3	3	3	3	3	3	3	3	3	3	3	3	3	3	3	3	3	3	3	3	4	4	4	4	4	4	4	4	4	4	4	4	4	4	4	4	4	4	4	4	4	4	4	4	4	4	4	4	4	4	4	4	4	4	4	4	4	4	4	4	4	4	4	4	4	4	4	4	4	4	4	4	4	4	4	4	4	4	4	4	4	4	4	4	4	4	4	4	4	4	4	4	4	4	4	4	4	4	4	4	4	4	4	4	4	4	4	4	4	4	4	4	4	4	4	4	4	4	4	5	5	5	5	5	5	5	5	5	5	5	5	5	5	5	5	5	5	5	5	5	5	5	5	5	5	5	5	5	5	5	5	5	5	5	5	5	5	5	5	5	5	5	5	5	5	5	5	5	5	5	5	5	5	5	5	5	5	5	5	5	5	6	6	6	6	6	6	6	6	6	6	6	6	6	6	6	6	6	6	6	6	6	6	6	6	6	6	6	6	6	6	6	6	6	6	6	7	7	7	7	7	7	7	7	7	7	7	7	7	7	7	7	7	7	7	7	7	7	7	7	7	7	7	7	7	7	7	7	7	7	7	7	7	7	7	7	7	7	8	8	8	8	8	8	8	8	8	8	8	8	8	8	8	8	8	8	8	8	8	8	8	8	8	8	8	8	8	8	8	8	8	8	8	8	9	9	9	9	9	9	9	9	9	9	9	9	9	9	9	9	9	9	9	9	9	9	9	9	9	10	10	10	10	10	10	10	10	10	10	10	10	10	10	10	10	10	10	10	11	11	11	11	11	11	11	11	11	11	11	11	11	11	11	11	11	11	11	11	11	11	11	11	12	12	12	12	12	12	12	12	12	12	12	12	12	12	12	12	13	13	13	13	13	13	13	13	13	13	13	13	13	13	14	14	14	14	14	14	15	15	15	15	15	15	15	16	16	16	16	16	16	16	17	17	17	17	18	18	18	18	18	19	19	19	19	19	20	20	21	21	21	21	21	21	22	23	23	23	23	24	25	27	29	37	37	103
LIST OF HOMONYMS: 15	1	7	2	6	1	21	16	1	1	4	1	3	1	1	1	4	2	3	2	1	1	9	1	5	10	3	1	1	3	1	1	21	1	3	3	4	1	14	3	3	2	21	3	1	2	1	1	4	7	1	1	1	1	2	3	1	1	19	3	1	3	8	6	3	27	1	2	2	4	7	2	5	1	1	1	13	3	1	1	5	19	2	4	10	2	23	16	1	24	4	1	1	1	2	1	6	8	1	2	1	8	1	7	1	10	1	10	2	23	7	2	1	2	4	3	1	1	1	2	10	4	9	7	2	1	3	12	2	14	4	1	13	4	1	8	1	1	3	3	1	4	3	5	6	11	5	7	1	1	4	2	14	2	2	1	5	1	1	2	14	2	1	8	11	23	3	1	1	1	2	1	4	1	1	1	4	3	9	3	5	12	7	3	8	2	2	1	1	1	1	2	3	2	2	1	9	3	17	1	1	3	4	4	9	1	2	1	2	1	3	3	4	1	1	1	10	2	11	4	5	1	10	1	13	1	4	4	15	2	2	1	3	4	1	9	2	1	1	1	3	1	12	1	1	1	5	5	2	2	1	4	1	4	1	5	1	2	11	1	1	2	2	7	9	1	4	2	6	8	7	29	2	3	6	1	2	4	1	2	6	2	3	4	12	6	1	1	5	9	2	1	12	1	1	3	16	5	2	1	1	5	1	8	3	1	12	4	2	2	2	7	3	5	3	3	1	3	1	3	1	7	4	5	4	1	1	37	4	2	1	1	4	12	5	3	4	1	8	10	3	2	13	4	6	1	1	6	1	1	3	4	3	3	1	1	2	2	6	3	1	1	1	1	3	2	1	4	1	4	1	2	1	1	1	7	1	1	1	1	4	7	1	2	2	8	1	3	8	3	1	2	5	2	3	2	1	1	2	5	13	1	7	2	3	2	2	6	10	3	4	1	6	7	1	2	4	1	1	1	21	11	19	9	1	7	4	1	2	7	3	5	1	1	2	6	20	2	11	3	3	10	1	2	1	3	1	4	1	1	4	4	2	1	2	1	1	1	7	1	18	2	4	17	5	2	6	2	12	2	9	12	7	6	1	2	1	1	1	3	8	2	3	1	1	1	1	6	3	3	3	2	5	1	2	1	1	1	1	1	2	1	1	5	1	12	3	1	1	8	3	13	10	4	8	11	5	2	2	1	8	11	8	1	2	3	1	16	2	1	1	1	2	3	1	1	2	7	2	1	1	1	11	1	8	1	1	2	11	1	7	1	1	6	5	1	5	2	1	11	2	11	2	2	3	1	3	7	1	1	3	2	1	10	1	19	1	2	1	8	1	6	1	1	4	2	5	1	9	8	4	1	2	9	14	3	1	17	1	15	2	1	1	1	9	2	4	5	1	1	2	2	9	1	2	1	4	2	8	12	7	1	4	1	2	2	2	1	1	1	1	13	5	1	4	2	1	6	16	4	1	2	2	10	1	7	13	2	4	1	3	1	1	4	1	1	1	7	2	4	1	3	2	12	1	1	1	1	1	4	13	3	5	3	1	2	2	2	1	1	4	1	1	4	103	3	6	7	11	2	1	18	9	1	3	1	1	1	1	7	1	1	1	4	1	1	4	2	1	2	1	1	2	1	37	4	1	1	10	3	4	2	1	4	5	3	1	11	4	1	3	2	1	1	1	1	1	3	1	15	9	1	8	2	13	1	1	11	5	1	8	2	7	4	1	5	6	3	2	3	1	3	2	2	3	1	1	2	1	1	6	2	1	2	1	1	9	11	1	5	1	5	1	2	2	2	1	2	1	1	5	2	9	1	12	6	1	1	2	1	8	8	2	1	19	2	1	13	3	1	16	2	2	5	4	1	1	5	1	11	3	1	12	2	3	1	1	1	10	1	4	3	1	1	5	1	2	6	1	1	4	1	1	1	2	1	8	4	10	3	2	1	1	15	4	1	5	2	7	4	3	8	1	1	3	1	2	2	1	3	9	5	4	1	3	1	1	9	1	1	2	8	1	3	1	1	1	1	1	1	2	4	1	1	1	2	3	9	2	21	4	5	1	1	12	7	2	2	1	2	1	22	1	1	8	9	1	1	2	5	5	1	1	6	18	1	2	4	1	3	18	1	10	1	1	1	1	14	1	3	1	8	5	2	2	2	1	2	1	1	7	2	1	1	7	3	1	3	20	1	1	1	15	17	1	2	1	4	1	2	1	1	5	3	2	16	1	6	2	10	4	5	1	2	3	7	4	1	1	1	3	1	4	11	1	5	7	4	3	3	1	7	8	6	2	8	1	7	1	3	1	1	11	1	8	25	3	7	2	5	4	3	1	5	1	1	5	5	1	1	11	8	1	1	1	2	3	1	1	2	1	1	3	7	5	5	1	4	3	1	5	1	7	2	1	2	1	18	11	1	1	2	1	2	1	1	3	4	1	1	1	4	5	4	2	2	3	1	4	13	5	2	1	6	11	1	23	2	4	2	1	4	2	1	1	1	11	9	3	1	1	2	1	6	1	4	4	2	3	3	3	1	6	1	2	2	1	1	5	4	2	1	1	1	6	1	1	5	1	21	1	1	2	1	3	4	8	2	15	7	6	1	2	13	1	3	1	8	3	1	4	1	2	4	1	2	12	6	6	13	1	1	4	9	1	1	1	2	5	5	8	11	3	4	3	1	5	1	2	1	4	2	9	1	1	10	2	1	1	1	7	2	4	1	1	3	2	1	1	2
ELAPSED TIME S: 4071.216
ELAPSED TIME M: 67.8536
