NaN
0.35
0.0588235294117647
0.1
0.0625
0.25
0.1
0.0588235294117647
0.117647058823529
0.0
0.176470588235294
0.2
0.25
0.2
0.1875
0.15
0.157894736842105
0.15
0.117647058823529
0.117647058823529
0.235294117647059
0.0588235294117647
0.0555555555555556
0.25
0.117647058823529
0.142857142857143
0.1
0.0
0.0625
0.15
0.111111111111111
0.294117647058823
0.2
0.05
0.272727272727273
0.0555555555555556
0.117647058823529
0.142857142857143
0.117647058823529
0.142857142857143
0.3
0.222222222222222
0.117647058823529
0.117647058823529
0.2
0.0588235294117647
0.0714285714285714
0.142857142857143
0.125
0.117647058823529
0.0588235294117647
0.0714285714285714
0.0588235294117647
0.117647058823529
0.153846153846154
0.25
0.0625
0.272727272727273
0.111111111111111
0.117647058823529
0.235294117647059
0.0714285714285714
0.3
0.214285714285714
0.266666666666667
0.2
0.142857142857143
0.294117647058823
0.2
0.142857142857143
0.117647058823529
0.142857142857143
0.111111111111111
0.176470588235294
0.117647058823529
0.117647058823529
0.125
0.176470588235294
0.294117647058823
0.142857142857143
0.117647058823529
0.214285714285714
0.214285714285714
0.133333333333333
0.214285714285714
0.176470588235294
0.214285714285714
0.0
0.117647058823529
0.25
0.15
0.214285714285714
0.176470588235294
0.176470588235294
0.0588235294117647
0.1
0.214285714285714
0.25
0.05
0.214285714285714
0.05
0.181818181818182
0.142857142857143
0.125
0.176470588235294
0.142857142857143
0.166666666666667
0.117647058823529
0.214285714285714
0.117647058823529
0.230769230769231
0.1
0.1875
0.176470588235294
0.105263157894737
0.214285714285714
0.0588235294117647
0.266666666666667
0.2
0.176470588235294
0.176470588235294
0.15
0.117647058823529
0.235294117647059
0.0555555555555556
0.214285714285714
0.176470588235294
0.176470588235294
0.15
0.176470588235294
0.105263157894737
0.2
0.176470588235294
0.166666666666667
0.214285714285714
0.142857142857143
0.1
0.235294117647059
0.176470588235294
0.1
0.0588235294117647
0.181818181818182
0.1
0.176470588235294
0.125
0.176470588235294
0.2
0.176470588235294
0.176470588235294
0.235294117647059
0.214285714285714
0.142857142857143
0.176470588235294
0.1
0.176470588235294
0.133333333333333
0.176470588235294
0.0588235294117647
0.2
0.117647058823529
0.133333333333333
0.125
0.294117647058823
0.15
0.117647058823529
0.2
0.117647058823529
0.2
0.111111111111111
0.2
0.1
0.176470588235294
0.15
0.15
0.15
