NaN
0.928571428571429
0.307692307692308
0.2
0.0666666666666666
0.266666666666667
0.0666666666666666
0.333333333333333
0.25
0.0833333333333334
0.2
0.2
0.333333333333333
0.285714285714286
0.3
0.133333333333333
0.133333333333333
0.0666666666666666
0.0666666666666666
0.133333333333333
0.222222222222222
0.0
0.25
0.222222222222222
0.25
0.111111111111111
0.133333333333333
0.0666666666666666
0.230769230769231
0.2
0.133333333333333
0.0833333333333334
0.166666666666667
0.266666666666667
0.166666666666667
0.25
0.166666666666667
0.214285714285714
0.166666666666667
0.2
0.2
0.166666666666667
0.333333333333333
0.2
0.266666666666667
0.2
0.1
0.222222222222222
0.0
0.166666666666667
0.2
0.25
0.166666666666667
0.153846153846154
0.0
0.4
0.0
0.222222222222222
0.2
0.0833333333333334
0.333333333333333
0.0714285714285714
0.333333333333333
0.333333333333333
0.166666666666667
0.25
0.181818181818182
0.25
0.266666666666667
0.1
0.266666666666667
0.307692307692308
0.2
0.0666666666666666
0.166666666666667
0.166666666666667
0.133333333333333
0.333333333333333
0.133333333333333
0.111111111111111
0.166666666666667
0.0714285714285714
0.142857142857143
0.111111111111111
0.333333333333333
0.0666666666666666
0.1
0.133333333333333
0.2
0.222222222222222
0.0666666666666666
0.25
0.166666666666667
0.2
0.133333333333333
0.2
0.333333333333333
0.333333333333333
0.2
0.111111111111111
0.266666666666667
0.285714285714286
0.214285714285714
0.133333333333333
0.166666666666667
0.25
0.266666666666667
0.266666666666667
0.222222222222222
0.2
0.142857142857143
0.266666666666667
0.142857142857143
0.266666666666667
0.133333333333333
0.0909090909090909
0.0666666666666666
0.2
0.2
0.2
