NaN
0.0
0.0
0.5
0.75
0.0
0.722222222222222
1.0
0.333333333333333
0.222222222222222
0.333333333333333
0.142857142857143
0.142857142857143
0.111111111111111
0.142857142857143
0.333333333333333
0.0
0.0
0.0
0.111111111111111
0.0
0.0
0.333333333333333
0.333333333333333
0.333333333333333
0.333333333333333
0.111111111111111
0.0
0.0
0.0
0.0
0.111111111111111
0.352941176470588
0.333333333333333
0.0
0.0
0.0
0.0
0.333333333333333
0.0
0.333333333333333
0.0
0.0
0.333333333333333
0.0
0.0
0.333333333333333
0.0
0.0
0.0
