HEURISTIC ELAPSED TIME: 1070.058
Parameters:
verbose => false
logfile => 
source => http://localhost:8890/sparql?default-graph-uri=http://nytimes.org
target => http://localhost:8898/sparql?default-graph-uri=http://geonames.org
class =>  <http://data.nytimes.com/elements/nytd_geo> 
append => a
format => txt
chunk => 150
topk => 0
offset => 0
stringthreshold => 0.7
usepivot => true
blocking => true
transitionupdate => false
globalrecall => true
aligner => NoAligner
ranker => TimeBasedTransitionRanking
selector => DecisionTreeSelectionAlgorithm
searcher => Baseline
learningpercent => 0.2
transitionfailurerate => 1.0
qconly => false
$shuffle
true
$orderbyclause

$orderby

LATEX & 25.46 & 50.2 & 33.78  & 4 & 4.0   & 1084.79
PAIR COMPLETENESS: 0.501956400223589
RECALL: 0.437674678591392
PRECISON: 0.423014586709887
FMEASURE: 0.43021978021978
FOUND INSTANCES: 1058
NUMBER QUERIES: 7680
RATIO NUMBER QUERIES / INSTANCES: 4.0
RATIO QUERIES/POSITIVES: 0.141015625
RATIO QUERIES/NEGATIVES: 0.858984375
NUMBER HOMONYMS: 4156
RATIO HOMONYMS/INSTANCES: 3.92816635160681
INSTANCES / HOMONYMS RATIO: 0.254571703561116
SORTED LIST OF HOMONYMS: 1	1	1	1	1	1	1	1	1	1	1	1	1	1	1	1	1	1	1	1	1	1	1	1	1	1	1	1	1	1	1	1	1	1	1	1	1	1	1	1	1	1	1	1	1	1	1	1	1	1	1	1	1	1	1	1	1	1	1	1	1	1	1	1	1	1	1	1	1	1	1	1	1	1	1	1	1	1	1	1	1	1	1	1	1	1	1	1	1	1	1	1	1	1	1	1	1	1	1	1	1	1	1	1	1	1	1	1	1	1	1	1	1	1	1	1	1	1	1	1	1	1	1	1	1	1	1	1	1	1	1	1	1	1	1	1	1	1	1	1	1	1	1	1	1	1	1	1	1	1	1	1	1	1	1	1	1	1	1	1	1	1	1	1	1	1	1	1	1	1	1	1	1	1	1	1	1	1	1	1	1	1	1	1	1	1	1	1	1	1	1	1	1	1	1	1	1	1	1	1	1	1	1	1	1	1	1	1	1	1	1	1	1	1	1	1	1	1	1	1	1	1	1	1	1	1	1	1	1	1	1	1	1	1	1	1	1	1	1	1	1	1	1	1	1	1	1	1	1	1	1	1	1	1	1	1	1	1	1	1	1	1	1	1	1	1	1	1	1	1	1	1	1	1	1	1	1	1	1	1	1	1	1	1	1	1	1	1	1	1	1	1	1	1	1	1	1	1	1	1	1	1	1	1	1	1	1	1	1	1	1	1	1	1	1	1	1	1	1	1	1	1	1	1	1	1	1	1	1	1	1	1	1	1	1	1	1	1	1	1	1	1	1	1	1	1	1	1	1	1	1	1	1	1	1	1	1	1	1	1	1	1	1	1	1	1	1	1	1	1	1	1	1	1	1	1	1	1	1	1	1	1	1	1	1	1	1	1	1	1	1	1	1	1	1	1	1	1	1	1	1	1	1	1	1	1	1	1	1	1	1	1	1	1	1	1	1	1	1	1	1	1	1	1	1	1	1	1	1	1	1	1	1	1	1	1	1	1	1	1	1	1	1	1	1	1	1	1	1	1	1	1	1	1	1	1	1	1	1	1	1	1	1	1	1	2	2	2	2	2	2	2	2	2	2	2	2	2	2	2	2	2	2	2	2	2	2	2	2	2	2	2	2	2	2	2	2	2	2	2	2	2	2	2	2	2	2	2	2	2	2	2	2	2	2	2	2	2	2	2	2	2	2	2	2	2	2	2	2	2	2	2	2	2	2	2	2	2	2	2	2	2	2	2	2	2	2	2	2	2	2	2	2	2	2	2	2	2	2	2	2	2	2	2	2	2	2	2	2	2	2	2	2	2	2	2	2	2	2	2	2	2	2	2	2	2	2	2	2	2	2	2	2	2	2	2	2	2	2	2	2	2	2	2	2	2	2	2	2	2	2	2	2	2	2	2	2	2	2	2	2	2	2	2	2	2	2	2	2	2	2	2	2	2	2	2	2	2	2	2	2	2	2	2	2	2	2	2	2	2	2	2	2	2	2	2	2	2	2	2	2	2	2	2	2	2	2	2	2	2	2	2	2	2	2	2	2	2	2	2	2	2	2	2	2	2	2	2	2	2	2	2	2	2	2	2	2	2	2	3	3	3	3	3	3	3	3	3	3	3	3	3	3	3	3	3	3	3	3	3	3	3	3	3	3	3	3	3	3	3	3	3	3	3	3	3	3	3	3	3	3	3	3	3	3	3	3	3	3	3	3	3	3	3	3	3	3	3	3	3	3	3	3	3	3	3	3	3	3	3	3	3	3	3	3	3	3	3	3	3	3	3	3	3	3	3	3	3	3	3	3	3	3	3	3	3	3	3	3	3	3	3	3	3	3	3	3	3	3	3	3	3	3	4	4	4	4	4	4	4	4	4	4	4	4	4	4	4	4	4	4	4	4	4	4	4	4	4	4	4	4	4	4	4	4	4	4	4	4	4	4	4	4	4	4	4	4	4	4	4	4	4	4	4	4	4	4	4	4	4	4	4	5	5	5	5	5	5	5	5	5	5	5	5	5	5	5	5	5	5	5	5	5	5	5	5	5	5	5	5	5	5	5	5	5	5	5	5	5	5	5	5	5	5	5	5	6	6	6	6	6	6	6	6	6	6	6	6	6	6	6	6	6	6	6	6	6	6	6	6	6	6	6	6	6	6	6	6	6	6	6	6	6	6	7	7	7	7	7	7	7	7	7	7	7	7	7	7	7	7	7	7	7	7	7	7	7	7	7	7	7	8	8	8	8	8	8	8	8	8	8	8	8	8	8	8	8	8	9	9	9	9	9	9	9	9	9	9	9	9	9	9	9	9	9	9	10	10	10	10	10	10	10	10	10	10	10	10	10	10	10	10	10	10	10	10	11	11	11	11	11	11	11	11	11	11	11	11	11	11	11	12	12	12	12	12	12	12	12	12	12	12	12	12	13	13	13	13	13	13	13	13	13	13	13	14	14	14	14	14	14	14	14	14	14	14	15	15	15	15	15	15	16	16	16	16	16	17	18	18	18	19	20	20	21	22	23	23	23	24	24	24	24	25	25	25	25	25	26	27	27	29	29	29	29	29	34
LIST OF HOMONYMS: 1	1	2	34	14	1	1	4	2	3	3	2	1	24	4	7	4	10	2	3	1	1	4	1	5	5	1	1	3	1	1	3	2	2	1	4	6	10	25	3	6	2	1	6	3	7	1	5	6	1	1	2	1	1	2	1	1	3	1	5	1	7	3	5	8	2	2	1	1	4	1	13	3	1	1	1	1	5	1	2	2	15	1	1	1	1	1	11	2	1	2	10	3	8	3	1	1	2	1	3	3	1	2	1	17	1	2	10	1	1	1	1	6	24	1	14	1	2	1	19	3	2	1	2	1	5	1	6	3	2	2	2	1	14	10	11	1	3	24	11	1	1	2	4	1	1	9	1	2	5	1	3	3	1	11	2	2	1	1	2	2	9	4	2	16	1	2	2	1	5	1	3	2	1	1	1	1	2	2	3	1	7	7	1	16	4	6	5	1	2	1	1	1	21	2	2	6	1	1	2	1	7	1	2	4	12	2	1	9	1	8	3	1	12	4	13	2	2	10	4	5	1	1	1	4	3	1	14	1	4	3	1	2	7	2	1	3	3	12	1	3	2	1	1	1	1	1	1	1	3	3	2	14	4	1	1	1	1	2	1	2	10	1	1	10	2	1	2	7	6	2	1	3	1	3	3	2	2	5	1	23	3	1	5	4	1	6	1	1	7	1	1	1	4	1	12	4	3	5	1	2	1	5	2	3	1	1	26	2	1	2	1	1	2	9	2	3	1	1	6	18	2	2	2	1	1	2	2	1	1	15	1	3	1	5	23	1	1	1	4	2	2	4	1	2	2	2	2	4	3	1	3	4	20	2	1	1	1	2	25	1	6	29	1	3	1	5	1	2	1	1	1	3	2	5	1	1	2	1	1	1	1	1	1	3	1	1	2	1	10	1	8	1	2	2	3	4	1	3	1	2	2	3	7	2	3	1	1	1	3	1	11	1	2	1	11	1	2	2	2	15	1	1	1	1	3	2	1	14	1	5	1	7	3	1	2	1	5	3	29	1	4	1	1	1	1	6	1	3	2	1	1	1	8	2	1	1	1	4	1	3	4	2	2	2	2	1	14	2	29	4	1	2	2	9	3	13	1	1	1	1	1	5	1	1	1	16	7	2	7	10	1	3	2	1	1	1	8	1	1	2	1	2	2	1	2	2	1	1	1	1	1	1	4	1	1	3	3	6	3	7	1	1	9	13	1	1	2	27	6	1	1	2	1	2	2	3	1	1	14	1	2	1	12	2	1	3	4	6	13	2	3	2	2	3	1	2	11	11	5	1	2	5	2	1	6	2	7	1	11	6	1	2	2	2	4	2	6	1	14	3	2	7	1	1	1	1	1	1	1	2	3	1	2	7	12	2	1	1	1	1	1	1	1	8	6	2	1	2	3	2	9	1	7	1	4	3	7	13	1	9	2	2	1	1	7	4	13	3	2	1	1	18	2	1	3	7	1	2	9	1	1	5	2	5	11	1	4	1	1	1	2	2	4	2	6	2	1	4	12	2	3	2	1	1	1	1	6	1	10	10	2	1	6	1	2	2	5	3	1	1	9	3	2	1	2	1	1	1	1	1	1	2	1	1	3	2	1	4	9	10	6	1	1	1	1	1	1	18	1	1	1	5	3	1	3	10	3	3	4	2	4	2	1	4	2	2	11	1	6	2	2	6	1	5	14	3	5	2	2	2	7	1	2	1	3	8	1	1	2	5	1	10	1	4	1	7	1	2	9	2	4	1	6	1	11	3	1	2	2	1	1	1	1	1	1	1	2	8	15	1	1	2	1	1	3	3	6	2	3	14	4	7	8	2	4	1	3	9	13	10	3	1	2	1	1	11	3	13	1	2	3	2	1	1	2	1	1	2	6	2	2	2	2	1	12	2	3	1	3	2	4	5	1	1	5	1	7	11	2	3	1	2	2	5	2	1	29	13	1	1	2	10	5	9	1	1	1	10	2	1	1	1	1	1	1	1	1	1	3	2	3	1	8	2	2	2	9	9	1	1	1	2	2	2	1	16	1	2	2	2	2	5	2	1	4	2	3	2	12	2	22	3	2	1	3	3	2	1	8	4	2	2	2	1	1	1	4	2	2	6	1	6	1	1	2	4	1	2	1	1	1	3	11	25	6	1	3	2	3	1	3	2	1	1	25	8	1	1	2	4	2	10	1	1	1	1	1	1	1	1	2	1	1	8	3	1	1	13	5	6	7	2	25	3	3	4	1	12	1	1	29	1	2	1	1	1	1	15	2	9	1	2	2	1	20	3	1	3	1	4	2	1	1	2	16	27	2	1	3	1	1	23	7	2	3	9	6	2	4	1	1	1	1	2	12	5	4	4	1	1	1	1	2	6	2	1	5	1	1	3	1	2	1	1	1	1	1	1	1	1	1	1	1	8	1	10	4	2	8	5	3	1	8	5	2	3	1	1	2	1	4	1	1	5	1	4	1	5	1	1	2	6	2	1	1	3	5	1	1	4	1	3	1	1	2	1	3	4	24	1	3	1	1	3	1	15	12	1	12	5	1	1	6	3	2	6	1	1	1	1	1	1	1	1	1	1
ELAPSED TIME S: 1084.833
ELAPSED TIME M: 18.08055
