HEURISTIC ELAPSED TIME: 2535.397
Parameters:
verbose => false
logfile => 
source => http://localhost:8890/sparql?default-graph-uri=http://nytimes.org
target => http://localhost:8898/sparql?default-graph-uri=http://geonames.org
class =>  <http://data.nytimes.com/elements/nytd_geo> 
append => a
format => txt
chunk => 150
topk => 1
offset => 0
stringthreshold => 0.7
usepivot => true
blocking => true
transitionupdate => false
globalrecall => true
aligner => KMeansAligner
ranker => TimeBasedTransitionRanking
selector => DecisionTreeSelectionAlgorithm
searcher => BranchAndBound
learningpercent => 0.1
transitionfailurerate => 1.0
qconly => false
$shuffle
true
$orderbyclause

$orderby

PAIR COMPLETENESS: 0.747903856903298
RECALL: 0.634991615427613
PRECISON: 0.629362880886427
FMEASURE: 0.632164718976071
NUMBER QUERIES: 8388
RATIO NUMBER QUERIES/INSTANCES: 4.36875
RATIO QUERIES/POSITIVES: 0.38447782546495
RATIO QUERIES/NEGATIVES: 0.61552217453505
NUMBER HOMONYMS: 9741
RATIO HOMONYMS/INSTANCES: 64.94
SORTED LIST OF HOMONYMS: 1	1	1	1	1	1	1	1	1	1	1	1	1	1	1	1	1	1	1	1	1	1	1	1	1	1	1	1	1	1	1	1	1	1	1	1	1	1	1	1	1	1	1	1	1	1	1	1	1	1	1	1	1	1	1	1	1	1	1	1	1	1	1	1	1	1	1	1	1	1	1	1	1	1	1	1	1	1	1	1	1	1	1	1	1	1	1	1	1	1	1	1	1	1	1	1	1	1	1	1	1	1	1	1	1	1	1	1	1	1	1	1	1	1	1	1	1	1	1	1	1	1	1	1	1	1	1	1	1	1	1	1	1	1	1	1	1	1	1	1	1	1	1	1	1	1	1	1	1	1	1	1	1	1	1	1	1	1	1	1	1	1	1	1	1	1	1	1	1	1	1	1	1	1	1	1	1	1	1	1	1	1	1	1	1	1	1	1	1	1	1	1	1	1	1	1	1	1	1	1	1	1	1	1	1	1	1	1	1	1	1	1	1	1	1	1	1	1	1	1	1	1	1	1	1	1	1	1	1	1	1	1	1	1	1	1	1	1	1	1	1	1	1	1	1	1	1	1	1	1	1	1	1	1	1	1	1	1	1	1	1	1	1	1	1	1	1	1	1	1	1	1	1	1	1	1	1	1	1	1	1	1	1	1	1	1	1	1	1	1	1	1	1	1	1	1	1	1	1	1	1	1	1	1	1	1	1	1	1	1	1	1	1	1	1	1	1	1	1	1	1	1	1	1	1	1	1	1	1	1	1	1	1	1	1	1	1	1	1	1	1	1	1	1	1	1	1	1	1	1	1	1	1	1	1	1	1	1	1	1	1	1	1	1	1	1	1	1	1	1	1	1	1	1	1	1	1	1	1	1	1	1	1	1	1	1	1	1	1	1	1	1	1	1	1	1	1	1	1	1	1	1	1	1	1	1	1	1	1	1	1	1	1	1	1	1	1	1	1	1	1	1	1	1	1	1	1	1	1	1	1	1	1	1	1	1	1	1	1	1	1	1	1	1	1	1	1	1	1	1	1	1	1	1	1	1	1	1	1	1	1	1	1	1	1	1	1	1	1	1	1	1	1	1	1	1	1	1	1	1	1	1	1	1	1	1	1	1	1	1	1	1	1	1	1	1	1	1	1	1	1	1	1	1	1	1	1	1	1	1	1	1	1	1	1	1	1	1	1	1	1	1	1	1	1	1	1	1	1	1	1	1	1	1	1	1	1	1	1	1	1	1	1	1	1	1	1	1	1	1	1	1	1	1	1	1	1	1	1	1	1	1	1	1	1	1	1	1	1	1	1	1	1	1	1	1	1	1	1	1	1	1	1	1	1	1	1	1	1	1	1	1	1	1	1	1	1	1	1	1	1	1	1	1	1	1	1	1	1	1	1	1	1	1	1	1	1	1	1	1	1	1	1	1	1	1	1	1	1	1	1	1	1	1	1	1	1	1	1	1	1	1	1	1	1	1	1	1	1	1	1	1	1	1	1	1	1	1	1	1	1	1	1	1	1	1	1	1	1	1	1	1	1	1	1	1	1	1	1	1	1	1	1	1	1	1	1	1	1	1	1	1	1	1	1	1	1	1	1	1	1	1	1	1	1	1	1	1	1	1	1	1	1	1	1	1	1	1	1	1	1	1	1	1	1	1	1	1	1	1	1	1	1	1	1	1	1	1	1	1	1	1	1	1	1	1	1	1	1	1	1	1	1	1	1	1	1	1	1	1	1	1	1	1	1	1	1	1	1	1	1	1	1	1	1	1	1	1	1	1	1	1	1	1	1	1	1	1	1	1	1	1	1	1	1	1	1	1	1	1	1	1	1	1	1	1	1	1	1	1	1	1	1	1	1	1	1	1	1	1	1	1	1	1	1	1	1	1	1	1	1	1	1	1	1	1	1	1	1	1	1	1	1	1	1	1	1	1	1	1	1	1	1	1	1	1	1	1	1	1	1	1	1	1	1	1	1	1	1	1	1	1	1	1	1	1	1	1	1	1	1	1	1	1	1	1	1	1	1	1	1	1	1	1	1	1	1	1	2	2	2	2	2	2	2	2	2	2	2	2	2	2	2	2	2	2	2	2	2	2	2	2	2	2	2	2	2	2	2	2	2	2	2	2	2	2	2	2	2	2	2	2	2	2	2	2	2	2	2	2	2	2	2	2	2	2	2	2	2	2	2	2	2	2	2	2	2	2	2	2	2	2	2	2	2	2	2	2	2	2	2	2	2	2	2	2	2	2	2	2	2	2	2	2	2	2	2	2	2	2	2	2	2	2	2	2	2	2	2	2	2	2	2	2	2	2	2	2	2	2	2	2	2	2	2	2	2	2	2	2	2	2	2	2	2	2	2	2	2	2	2	2	2	2	2	2	2	2	2	2	2	2	2	2	2	2	2	2	2	2	2	2	2	2	2	2	2	2	2	2	2	2	2	2	2	2	2	2	2	2	2	2	2	2	2	2	2	2	2	2	2	2	2	2	2	2	2	2	2	2	2	2	2	2	2	2	2	2	2	2	2	2	2	2	2	2	2	2	2	2	2	2	2	2	2	2	2	2	2	2	2	2	2	2	2	2	2	2	2	2	2	2	2	2	2	2	2	2	2	2	2	2	2	2	2	2	2	2	2	2	2	2	2	2	2	2	2	2	2	2	2	2	2	3	3	3	3	3	3	3	3	3	3	3	3	3	3	3	3	3	3	3	3	3	3	3	3	3	3	3	3	3	3	3	3	3	3	3	3	3	3	3	3	3	3	3	3	3	3	3	3	3	3	3	3	3	3	3	3	3	3	3	3	3	3	3	3	3	3	3	3	3	3	3	3	3	3	3	3	3	3	3	3	3	3	3	3	3	3	3	3	3	3	3	3	3	3	3	3	3	3	3	3	3	3	3	3	3	3	3	3	3	3	3	3	3	3	3	3	3	3	3	3	3	3	3	3	4	4	4	4	4	4	4	4	4	4	4	4	4	4	4	4	4	4	4	4	4	4	4	4	4	4	4	4	4	4	4	4	4	4	4	4	4	4	4	4	4	4	4	4	4	4	4	4	4	4	4	4	4	4	4	4	4	4	4	4	4	4	4	4	4	4	4	4	4	4	4	4	5	5	5	5	5	5	5	5	5	5	5	5	5	5	5	5	5	5	5	5	5	5	5	5	5	5	5	5	5	5	5	5	5	5	5	5	5	5	5	5	5	6	6	6	6	6	6	6	6	6	6	6	6	6	6	6	6	6	6	6	6	6	6	6	6	6	6	6	6	6	6	7	7	7	7	7	7	7	7	7	7	7	7	7	7	7	7	7	7	7	7	7	7	7	7	7	7	7	7	7	7	7	8	8	8	8	8	8	8	8	8	8	8	8	8	8	8	8	8	8	8	8	8	8	8	8	8	8	8	8	8	8	9	9	9	9	9	9	9	9	9	9	9	9	9	9	9	9	9	9	9	9	9	9	9	9	9	9	9	9	10	10	10	10	10	10	10	10	10	10	10	10	10	10	10	10	10	10	10	10	11	11	11	11	11	11	11	11	11	11	11	11	11	11	11	11	11	11	11	11	11	11	11	11	11	12	12	12	12	12	12	12	13	13	13	13	13	13	13	13	13	13	13	13	13	13	14	14	14	14	14	14	14	14	14	14	15	15	15	15	15	15	15	15	15	15	16	16	16	16	16	16	17	17	17	17	17	17	17	18	18	18	18	18	18	18	19	20	20	20	20	21	21	21	21	21	21	21	21	21	21	21	21	22	22	22	22	22	23	23	23	23	23	23	23	23	23	23	24	24	24	24	24	25	25	25	26	26	26	26	26	27	27	27	28	28	28	29	29	29	29	30	30	30	30	30	30	30	30	30	30	30	30	30	30	30	30	30	30	30	30	30	30	30	30	30	30	30	30	30	30	30	30	30	30	30	30	30	30	30	30	30	30	30	30	30	30	30	30	30	30	30	30	30	30	30	30	30	30	30	30	30	30	30	30	30	30	30	30	30	30	30	30	30	30	30	30	30	30	30	30	30	30	30	30	30	30	30	30	30	30	30	30	30	30	30	30	30	30	30	30	30	30	30	30	30	30	30	30	30	30	30	30	30	30	30	30	30	30	30	30	30	30	30	30	30	30	30	30	30
LIST OF HOMONYMS: 1	1	1	4	30	8	5	30	30	15	1	1	3	24	8	2	1	4	25	7	1	4	3	1	1	1	3	5	3	1	1	3	5	1	1	2	1	1	1	1	1	1	1	1	3	1	1	1	1	1	1	1	1	1	1	3	1	1	30	1	1	28	8	11	1	5	1	1	1	1	3	20	1	14	2	1	1	2	2	1	1	2	2	1	1	2	1	9	1	1	3	2	10	1	5	1	1	3	4	1	4	1	7	8	6	1	1	1	1	1	4	1	1	1	1	2	6	1	1	1	1	1	3	1	1	18	1	2	1	1	14	1	2	1	17	4	1	30	1	1	1	9	10	2	3	1	1	9	8	1	1	2	1	11	1	2	1	1	1	8	1	20	16	3	1	30	1	3	30	1	2	3	1	1	1	6	18	1	3	2	5	1	1	7	2	1	1	2	1	1	1	1	1	3	1	1	1	2	1	22	4	15	1	4	6	1	14	3	3	30	16	8	2	1	1	1	1	6	1	15	1	1	30	1	1	3	2	1	5	1	29	2	1	29	1	30	1	1	1	7	15	7	2	1	6	5	1	1	1	8	1	1	9	30	30	2	13	1	3	21	14	1	1	1	1	2	5	10	1	11	2	1	2	1	3	2	14	1	1	13	1	3	1	7	30	1	24	3	1	5	1	1	2	1	4	4	1	1	1	2	1	1	30	2	2	1	5	1	9	1	1	2	3	1	3	30	2	23	14	3	1	1	5	1	4	2	2	1	2	2	1	2	15	1	1	2	1	30	1	30	9	3	2	30	1	2	1	1	1	30	2	30	2	30	1	1	1	1	1	2	1	4	2	7	5	1	1	3	2	2	1	2	1	30	11	26	1	1	1	1	5	1	30	1	30	1	2	1	6	3	1	21	1	30	1	17	1	2	1	5	7	1	1	30	12	3	1	30	8	20	1	1	30	2	1	4	4	30	6	7	2	1	3	6	2	30	1	1	1	10	6	3	3	2	1	6	3	1	1	2	30	1	1	18	1	1	1	1	2	2	1	1	1	1	2	1	1	2	3	30	1	30	1	3	1	2	2	1	11	10	2	3	1	1	3	2	1	1	1	1	1	1	1	2	1	1	1	3	1	2	2	2	1	1	1	1	3	1	1	1	1	1	1	1	2	6	30	1	4	8	2	23	8	1	1	1	1	1	1	1	1	1	7	2	1	1	1	30	9	8	1	1	1	3	1	23	13	1	1	1	1	1	1	1	17	2	2	1	1	13	2	3	1	1	1	30	2	1	1	1	1	1	1	1	2	1	2	1	1	1	1	1	1	1	27	3	4	1	23	2	30	1	1	2	1	5	30	1	1	7	8	1	1	2	1	1	30	1	1	4	16	3	3	1	1	1	18	1	1	1	1	1	3	10	1	1	2	1	11	1	2	7	15	1	4	1	2	1	1	1	30	1	1	1	1	7	4	5	3	1	1	2	4	1	1	3	3	1	21	1	5	1	10	2	2	5	1	1	2	2	2	1	7	1	2	1	9	2	1	22	23	3	11	2	2	4	1	30	4	30	11	2	4	1	1	1	30	1	13	2	1	2	1	5	27	1	3	1	2	11	1	30	1	2	1	1	30	7	1	2	2	30	1	1	1	9	1	1	30	2	1	1	2	8	2	30	1	1	16	2	2	11	6	1	2	1	3	1	1	1	16	2	1	8	1	1	11	30	1	1	5	3	1	3	23	1	1	1	1	1	1	1	2	1	1	1	1	1	2	2	6	5	2	1	1	1	1	1	30	1	4	11	2	1	2	1	30	21	1	1	2	1	12	1	7	2	2	1	1	1	25	1	1	1	6	8	30	1	1	1	2	1	2	1	1	13	2	1	1	9	5	4	2	1	26	5	2	2	1	6	2	1	1	2	30	1	1	1	1	7	4	2	30	30	13	4	1	1	1	6	10	21	1	1	1	2	1	4	30	3	1	2	1	30	1	1	1	7	29	1	30	1	3	2	1	15	1	1	2	30	12	1	10	4	1	1	3	1	1	1	1	5	2	1	30	2	16	30	2	4	3	2	9	2	1	1	2	14	1	1	1	1	1	1	1	1	3	24	1	4	1	1	2	1	2	3	4	2	2	1	3	2	1	30	4	1	1	4	2	26	1	2	1	29	1	1	30	30	1	30	1	30	1	1	2	5	1	6	1	1	7	1	30	1	4	1	1	5	3	30	3	2	1	30	2	1	21	10	8	30	2	3	14	1	1	9	1	1	7	2	2	1	2	3	1	1	11	1	9	30	1	1	1	5	3	1	30	3	2	8	5	3	1	2	9	1	1	1	7	30	1	6	1	2	1	1	6	30	4	1	1	1	1	1	2	7	30	15	2	30	30	1	9	3	1	14	30	1	1	1	1	1	2	1	4	2	1	1	1	1	25	2	5	30	1	1	1	1	1	11	1	30	21	2	6	1	1	8	4	1	1	3	3	1	2	1	1	2	1	7	2	2	2	1	4	1	19	2	1	14	2	30	18	4	1	4	30	3	30	4	2	8	9	1	4	2	1	30	30	4	1	1	1	1	2	1	13	1	1	1	3	2	2	2	1	30	6	2	2	1	1	1	1	1	1	1	1	4	4	1	1	1	2	1	1	12	21	1	1	1	4	1	6	2	1	1	4	1	3	11	1	1	2	1	1	2	2	1	1	3	10	4	1	13	4	1	1	13	1	1	10	11	23	2	2	1	1	1	1	2	4	5	7	7	1	1	1	30	1	2	13	2	1	1	3	1	1	3	2	1	1	1	1	1	1	1	1	1	1	1	4	2	2	1	8	1	1	10	7	1	1	1	1	6	8	12	1	1	3	30	30	1	1	1	15	11	1	6	2	1	1	2	1	2	1	7	3	2	2	4	2	1	5	1	2	27	3	15	1	1	1	1	3	1	1	2	1	1	1	1	1	2	2	30	2	1	1	2	30	1	1	6	1	30	17	2	1	2	9	4	5	10	22	9	1	4	1	1	1	1	9	1	1	1	1	2	1	1	2	1	10	1	4	1	1	10	1	1	9	1	9	30	2	2	2	1	1	2	3	3	1	4	1	1	2	30	30	1	1	30	2	2	3	4	21	1	1	2	1	30	2	1	1	1	1	1	1	1	1	1	1	1	3	1	3	28	1	1	8	4	3	1	11	9	17	4	8	2	1	2	6	1	2	4	1	1	4	2	22	9	1	21	1	1	1	1	1	1	1	17	1	2	2	2	1	3	3	7	10	26	1	1	1	30	2	30	3	1	1	1	1	1	30	1	8	1	1	2	1	1	1	1	30	3	10	1	1	1	2	4	12	30	1	9	5	13	21	1	1	1	2	1	1	30	1	1	1	4	1	11	2	3	17	1	1	1	1	5	3	1	1	1	1	1	3	2	2	1	2	1	1	2	3	1	30	1	8	1	1	2	1	3	8	6	2	1	24	30	1	30	22	3	1	1	2	1	6	11	1	1	1	1	1	1	1	1	1	1	1	1	2	3	9	1	1	1	1	1	1	30	2	3	1	30	1	5	2	3	13	2	2	4	3	2	3	1	5	30	3	2	30	2	1	2	1	3	21	1	30	1	1	24	4	2	30	2	1	1	3	1	2	2	30	2	2	1	1	8	1	1	1	18	30	1	5	23	30	1	1	1	2	3	2	8	3	1	1	10	1	1	1	1	3	1	1	1	30	1	1	1	4	28	1	1	1	1	3	1	1	3	4	1	1	30	1	2	1	2	2	2	1	7	1	13	18	2	1	2	1	5	30	30	10	1	3	2	1	1	1	9	3	1	1	30	1	1	7	30	3	1	3	1	1	3	1	2	1	1	1	1	1	1	1	1	1	1	1	1	1	2	3	3	1	30	1	1	1	1	1	9	1	2	2	11	12	6	20	1	1	4	1	3	30	4	2	2	1	1	4	5	1	2	1	1	30	1	11	1	2	1	1	1	1	1	1	26	9	1	1	1	1	30	1	2	1	5	1	11	1	8	1	2	1	23	30	1	23	1	2	3	1	2	2	7	1	2	1	2	2	1	1	1	1	1	1	2	1	1	1	1	1	30	2	3	1	3	11	30	1	1	30	2	2	1	1	11	3	3	1	1	1	1	1	1	1	1	1	1	1
ELAPSED TIME S: 2560.438
ELAPSED TIME M: 42.6739666666667
