HEURISTIC ELAPSED TIME: 415.935
Parameters:
verbose => false
logfile => 
source => http://localhost:8891/sparql?default-graph-uri=http://sider.org
target => http://localhost:8891/sparql?default-graph-uri=http://dailymed.org
class =>  <http://www4.wiwiss.fu-berlin.de/sider/resource/sider/drugs> 
append => a
format => txt
chunk => 15
topk => 1
offset => 0
stringthreshold => 0.7
usepivot => true
blocking => true
transitionupdate => true
globalrecall => true
$shuffle
true
$orderbyclause

$orderby

RECALL: 0.0496019595835885
PRECISON: 0.153992395437262
FMEASURE: 0.0750347383047707
NUMBER QUERIES: 6258
RATIO QUERIES/POSITIVES: 0.0931607542345797
RATIO QUERIES/NEGATIVES: 0.90683924576542
NUMBER HOMONYMS: 988
RATIO HOMONYMS/INSTANCES: 1.69468267581475
SORTED LIST OF HOMONYMS: 1	1	1	1	1	1	1	1	1	1	1	1	1	1	1	1	1	1	1	1	1	1	1	1	1	1	1	1	1	1	1	1	1	1	1	1	1	1	1	1	1	1	1	1	1	1	1	1	1	1	1	1	1	1	1	1	1	1	1	1	1	1	1	1	1	1	1	1	1	1	1	1	1	1	1	1	1	1	1	1	1	1	1	1	1	1	1	1	1	1	1	1	1	1	1	1	1	1	1	1	1	1	1	1	1	1	1	1	1	1	1	1	1	1	1	1	1	1	1	1	1	1	1	1	1	1	1	1	1	1	1	1	1	1	1	1	1	1	1	1	1	1	1	1	1	1	1	1	1	1	1	1	1	1	1	1	1	1	1	1	1	1	1	1	1	1	1	1	1	1	1	1	1	1	1	1	1	1	1	1	1	1	1	1	1	1	1	1	1	1	1	1	1	1	1	1	1	1	1	1	1	1	1	1	1	1	1	1	1	1	1	1	1	1	1	1	1	1	1	1	1	1	1	1	1	1	1	1	1	1	1	1	1	1	1	1	1	1	1	1	1	1	1	1	1	1	1	1	1	1	1	1	1	1	1	1	1	1	1	1	1	1	1	1	1	1	1	1	1	1	1	1	1	1	1	1	1	1	1	1	1	1	1	1	1	1	1	1	1	1	1	1	1	1	1	1	1	1	1	1	1	1	1	1	1	1	1	1	1	1	1	1	1	1	1	1	1	1	1	1	1	1	1	1	1	1	1	1	1	1	1	1	1	1	1	1	1	1	1	1	1	1	1	1	1	1	1	1	1	1	1	1	1	1	1	1	1	1	1	1	1	1	1	1	1	1	1	1	1	1	1	1	1	1	1	1	1	1	1	1	1	1	1	1	1	1	1	1	1	1	1	1	1	1	1	1	1	1	1	1	1	1	1	1	1	1	1	1	1	1	1	1	1	1	1	1	1	1	1	1	1	1	1	1	1	1	1	1	1	1	1	1	1	1	1	1	1	1	1	1	1	1	1	1	2	2	2	2	2	2	2	2	2	2	2	2	2	2	2	2	2	2	2	2	2	2	2	2	2	2	2	2	2	2	2	2	2	2	2	2	2	2	2	2	2	2	2	2	2	2	2	2	2	2	2	2	2	2	2	2	2	2	2	2	2	2	2	2	2	2	2	2	2	2	2	2	2	2	2	2	2	2	2	2	2	2	2	2	2	2	3	3	3	3	3	3	3	3	3	3	3	3	3	3	3	3	3	4	4	4	4	4	4	4	4	4	5	5	5	5	5	6	6	6	6	6	6	6	6	7	7	7	7	7	8	8	9	9	10	10	10	10	11	11	12	13	16	19	21
LIST OF HOMONYMS: 2	2	2	1	1	1	1	1	2	2	1	2	1	1	2	2	1	1	2	1	1	1	2	1	2	1	1	2	1	1	1	3	1	1	1	1	1	1	1	1	1	2	1	1	1	2	1	2	2	1	1	2	1	2	1	1	1	1	1	2	2	1	1	1	1	1	9	1	1	1	1	2	1	2	2	2	1	1	2	1	2	1	1	1	1	2	1	1	1	1	2	1	1	1	1	1	1	1	6	1	13	1	1	2	3	1	3	1	1	1	1	3	1	1	1	1	1	1	1	1	1	1	2	1	1	3	1	1	1	1	11	1	1	1	1	1	3	2	1	1	3	1	1	1	1	1	3	1	1	1	1	1	3	1	1	1	1	1	1	1	1	1	1	1	1	1	1	1	1	1	1	1	1	1	1	1	1	1	1	1	1	1	1	1	2	2	10	1	4	1	1	1	5	1	1	1	1	1	1	1	1	1	1	2	1	1	1	1	1	2	1	1	1	1	1	1	1	1	2	1	1	1	1	2	2	1	2	1	2	1	1	1	1	1	1	1	4	5	1	1	1	10	1	1	6	1	1	2	1	1	1	1	1	2	1	1	2	3	1	2	1	1	2	1	1	2	1	2	1	1	1	1	1	2	7	7	1	6	4	2	9	1	1	1	1	4	1	1	1	1	1	2	1	1	1	8	2	1	6	1	7	1	1	2	2	1	1	1	1	1	1	1	1	1	1	1	1	2	2	1	1	1	1	1	1	1	1	1	1	1	1	1	3	1	1	2	1	1	1	2	1	1	1	1	1	1	1	1	1	1	1	1	2	1	1	1	1	1	1	1	1	1	1	1	1	1	1	1	1	1	1	1	1	1	2	1	1	1	1	1	1	2	1	1	1	2	6	10	2	6	1	10	1	1	3	1	1	4	1	7	2	1	3	2	2	2	1	1	1	2	1	3	1	1	1	1	1	2	1	1	2	1	1	2	1	2	2	1	2	1	1	1	2	1	1	5	11	1	1	1	1	1	2	1	1	6	5	2	1	2	1	2	1	1	1	1	1	2	1	2	1	2	1	1	1	1	1	1	1	1	1	5	1	7	6	1	8	2	1	4	1	1	1	1	1	16	4	1	1	1	1	1	1	1	1	1	1	1	1	1	1	1	1	1	1	1	1	2	1	1	1	1	1	1	1	1	1	1	1	1	1	21	2	1	3	1	1	1	1	1	1	19	2	1	1	1	1	1	1	4	1	3	1	1	1	1	1	1	1	1	2	3	1	1	1	1	1	1	1	1	12	1	1	1	1	1	1	1	1	1	1	1	1	1	1	1	1	1	1	4	1	1	1	1	1	1	1	1	1
ELAPSED TIME: 432.153
