HEURISTIC ELAPSED TIME: 444.559
Parameters:
verbose => false
logfile => 
source => http://localhost:8891/sparql?default-graph-uri=http://sider.org
target => http://localhost:8891/sparql?default-graph-uri=http://dailymed.org
class =>  <http://www4.wiwiss.fu-berlin.de/sider/resource/sider/drugs> 
append => a
format => txt
chunk => 15
topk => 1
offset => 0
stringthreshold => 0.7
usepivot => true
blocking => true
transitionupdate => false
globalrecall => true
$shuffle
true
$orderbyclause

$orderby

RECALL: 0.142682180036742
PRECISON: 0.47165991902834
FMEASURE: 0.219087917254349
NUMBER QUERIES: 3451
RATIO QUERIES/POSITIVES: 0.168646769052449
RATIO QUERIES/NEGATIVES: 0.831353230947551
NUMBER HOMONYMS: 1451
RATIO HOMONYMS/INSTANCES: 2.49312714776632
SORTED LIST OF HOMONYMS: 1	1	1	1	1	1	1	1	1	1	1	1	1	1	1	1	1	1	1	1	1	1	1	1	1	1	1	1	1	1	1	1	1	1	1	1	1	1	1	1	1	1	1	1	1	1	1	1	1	1	1	1	1	1	1	1	1	1	1	1	1	1	1	1	1	1	1	1	1	1	1	1	1	1	1	1	1	1	1	1	1	1	1	1	1	1	1	1	1	1	1	1	1	1	1	1	1	1	1	1	1	1	1	1	1	1	1	1	1	1	1	1	1	1	1	1	1	1	1	1	1	1	1	1	1	1	1	1	1	1	1	1	1	1	1	1	1	1	1	1	1	1	1	1	1	1	1	1	1	1	1	1	1	1	1	1	1	1	1	1	1	1	1	1	1	1	1	1	1	1	1	1	1	1	1	1	1	1	1	1	1	1	1	1	1	1	1	1	1	1	1	1	1	1	1	1	1	1	1	1	1	1	1	1	1	1	1	1	1	1	1	1	1	1	1	1	1	1	1	1	1	1	1	1	1	1	1	1	1	1	1	1	1	1	1	1	1	1	1	1	1	1	1	1	1	1	1	1	1	1	1	1	1	1	1	1	1	1	1	1	1	1	1	1	1	1	1	1	1	1	1	1	1	1	1	1	1	1	1	1	1	1	1	1	1	1	1	1	1	1	1	1	1	1	1	1	1	1	1	1	1	2	2	2	2	2	2	2	2	2	2	2	2	2	2	2	2	2	2	2	2	2	2	2	2	2	2	2	2	2	2	2	2	2	2	2	2	2	2	2	2	2	2	2	2	2	2	2	2	2	2	2	2	2	2	2	2	2	2	2	2	2	2	2	2	2	2	2	2	2	2	2	2	2	2	2	2	2	2	2	2	2	2	2	2	2	2	2	2	2	2	2	2	2	2	2	2	2	2	2	2	2	2	2	2	2	2	2	2	2	2	2	2	3	3	3	3	3	3	3	3	3	3	3	3	3	3	3	3	3	3	3	3	3	3	3	3	3	3	3	3	3	3	3	3	3	3	3	3	3	3	3	3	3	3	3	3	3	4	4	4	4	4	4	4	4	4	4	4	4	4	4	4	4	4	4	4	4	4	4	4	4	4	4	4	4	4	4	4	4	4	4	4	4	4	4	4	4	5	5	5	5	5	5	5	5	5	5	5	5	5	5	5	5	5	5	5	5	5	6	6	6	6	6	6	6	6	6	6	6	6	6	6	6	7	7	7	7	7	7	7	7	7	7	7	8	8	8	8	8	8	8	8	8	8	9	9	9	9	9	9	9	9	9	9	10	10	10	10	10	10	10	10	11	11	11	11	12	12	13	14	14
LIST OF HOMONYMS: 2	2	2	3	1	2	2	1	3	2	1	2	2	1	2	5	1	1	2	1	1	1	2	1	3	1	1	2	1	1	1	3	1	1	1	1	1	1	1	1	1	2	1	2	1	2	2	2	2	1	3	2	1	2	1	1	1	1	2	2	3	1	1	1	5	1	3	1	1	1	1	2	1	2	2	2	1	1	1	1	2	1	1	1	1	2	1	1	4	1	2	1	3	1	1	1	1	6	1	13	1	1	2	3	1	3	1	1	1	1	3	1	4	1	1	1	3	4	2	1	1	2	1	1	4	5	1	8	3	11	1	1	1	3	1	3	2	4	5	3	1	1	3	8	9	3	2	3	7	1	1	1	1	3	1	1	1	2	3	1	1	1	4	4	2	1	4	10	1	1	4	9	4	4	4	2	2	5	1	1	2	1	1	12	2	10	1	4	1	1	1	5	1	1	1	1	1	1	1	1	2	1	2	1	3	3	1	2	2	1	1	1	1	1	1	1	1	2	1	1	1	5	2	2	9	2	3	2	1	1	1	4	1	1	3	4	5	1	2	1	10	1	1	6	1	1	2	1	1	1	1	1	2	1	1	2	3	1	2	1	1	2	1	1	2	1	4	4	1	1	1	1	2	7	7	1	6	4	2	9	1	1	1	1	4	1	1	1	1	1	2	1	1	1	8	2	1	6	1	7	1	1	2	2	2	1	1	1	9	4	1	2	1	3	3	10	2	5	1	2	1	4	1	2	1	3	1	5	1	1	1	3	9	7	10	2	2	1	2	1	5	2	1	1	1	1	8	3	1	4	1	4	1	3	2	2	1	2	4	3	1	1	1	1	1	1	7	1	2	7	2	1	3	5	14	1	1	5	8	1	2	4	1	9	5	6	10	2	6	1	10	1	1	3	1	1	4	1	7	2	2	3	2	2	3	1	1	1	2	2	5	1	1	1	1	1	2	1	1	2	1	1	2	1	2	2	2	2	1	1	1	2	3	2	5	11	2	1	1	1	1	2	2	4	11	5	2	1	2	1	2	1	1	1	1	1	2	1	2	1	2	1	1	1	1	1	1	1	1	5	5	1	7	6	1	8	2	1	4	1	1	1	1	1	6	4	1	1	1	1	1	1	2	9	2	1	1	7	4	3	3	1	1	1	7	1	2	2	8	1	1	1	1	1	2	1	11	4	6	4	9	2	1	4	1	4	1	1	3	3	9	5	4	1	1	8	2	3	4	1	8	1	6	1	1	5	6	1	6	3	3	4	10	6	4	2	6	8	6	12	4	1	2	4	14	1	1	1	1	1	1	1	1	1	1	1	1	1	1	1	1	1
ELAPSED TIME: 455.625
