HEURISTIC ELAPSED TIME: 5877.262
Parameters:
verbose => false
logfile => 
source => http://localhost:8891/sparql?default-graph-uri=http://sider.org
target => http://localhost:8891/sparql?default-graph-uri=http://dailymed.org
class =>  <http://www4.wiwiss.fu-berlin.de/sider/resource/sider/drugs> 
append => a
format => txt
chunk => 15
topk => 1
offset => 0
stringthreshold => 0.7
usepivot => true
blocking => true
transitionupdate => false 
globalrecall => true
aligner => NoAligner
$shuffle
true
$orderbyclause

$orderby

RECALL: 0.37905695039804
PRECISON: 0.933634992458522
FMEASURE: 0.539198606271777
NUMBER QUERIES: 2153
RATIO QUERIES/POSITIVES: 0.352066883418486
RATIO QUERIES/NEGATIVES: 0.647933116581514
NUMBER HOMONYMS: 2154
RATIO HOMONYMS/INSTANCES: 2.84168865435356
SORTED LIST OF HOMONYMS: 1	1	1	1	1	1	1	1	1	1	1	1	1	1	1	1	1	1	1	1	1	1	1	1	1	1	1	1	1	1	1	1	1	1	1	1	1	1	1	1	1	1	1	1	1	1	1	1	1	1	1	1	1	1	1	1	1	1	1	1	1	1	1	1	1	1	1	1	1	1	1	1	1	1	1	1	1	1	1	1	1	1	1	1	1	1	1	1	1	1	1	1	1	1	1	1	1	1	1	1	1	1	1	1	1	1	1	1	1	1	1	1	1	1	1	1	1	1	1	1	1	1	1	1	1	1	1	1	1	1	1	1	1	1	1	1	1	1	1	1	1	1	1	1	1	1	1	1	1	1	1	1	1	1	1	1	1	1	1	1	1	1	1	1	1	1	1	1	1	1	1	1	1	1	1	1	1	1	1	1	1	1	1	1	1	1	1	1	1	1	1	1	1	1	1	1	1	1	1	1	1	1	1	1	1	1	1	1	1	1	1	1	1	1	1	1	1	1	1	1	1	1	1	1	1	1	1	1	1	1	1	1	1	1	1	1	1	1	1	1	1	1	1	1	1	1	1	1	1	1	1	1	1	1	1	1	1	1	1	1	1	1	1	1	1	1	1	1	1	1	1	1	1	1	1	1	1	1	1	1	1	1	1	1	1	1	1	1	1	1	1	1	1	1	1	1	1	1	1	1	1	1	1	1	1	1	1	1	1	1	1	1	1	1	1	1	1	1	1	1	1	1	1	1	1	1	1	1	1	1	1	1	1	1	1	1	1	1	1	1	1	1	1	1	1	1	1	1	1	1	1	1	1	1	1	1	1	1	1	1	1	1	1	1	1	1	1	1	1	1	1	1	1	1	1	1	1	1	1	1	2	2	2	2	2	2	2	2	2	2	2	2	2	2	2	2	2	2	2	2	2	2	2	2	2	2	2	2	2	2	2	2	2	2	2	2	2	2	2	2	2	2	2	2	2	2	2	2	2	2	2	2	2	2	2	2	2	2	2	2	2	2	2	2	2	2	2	2	2	2	2	2	2	2	2	2	2	2	2	2	2	2	2	2	2	2	2	2	2	2	2	2	2	2	2	2	2	2	2	2	2	2	2	2	2	2	2	2	2	2	2	2	2	2	2	2	2	2	2	2	2	2	2	2	2	2	2	2	2	2	2	2	2	2	2	2	2	2	2	3	3	3	3	3	3	3	3	3	3	3	3	3	3	3	3	3	3	3	3	3	3	3	3	3	3	3	3	3	3	3	3	3	3	3	3	3	3	3	3	3	3	3	3	3	3	3	3	3	3	3	3	3	3	3	3	3	3	3	3	3	3	3	3	3	3	4	4	4	4	4	4	4	4	4	4	4	4	4	4	4	4	4	4	4	4	4	4	4	4	4	4	4	4	4	4	4	4	4	4	4	4	4	4	4	4	4	4	4	4	4	4	4	4	4	5	5	5	5	5	5	5	5	5	5	5	5	5	5	5	5	5	5	5	5	5	5	5	5	5	5	6	6	6	6	6	6	6	6	6	6	6	6	6	6	6	6	6	6	6	6	6	6	6	6	6	7	7	7	7	7	7	7	7	7	7	7	7	7	8	8	8	8	8	8	8	8	8	9	9	9	9	9	9	9	9	9	10	10	10	10	10	10	10	10	10	10	10	12	12	12	12	13	13	13	13	13	13	14	14	14	14	14	14	15	15	15	15	15	15	16	16	16	18	18	18	20	21	25
LIST OF HOMONYMS: 2	1	1	3	1	1	2	2	2	1	2	1	2	1	1	1	1	2	6	1	1	1	2	1	4	2	1	1	1	3	1	2	2	3	2	1	1	1	1	1	3	2	1	1	1	1	1	1	1	2	1	1	2	1	1	2	1	1	2	3	1	1	1	1	1	1	1	1	2	2	1	1	2	2	3	1	1	1	1	1	3	1	2	1	3	4	3	1	2	1	1	3	1	4	2	4	2	4	2	5	1	1	1	1	1	1	1	1	1	1	1	1	1	1	2	1	1	2	1	1	3	1	1	2	2	1	1	1	1	1	1	2	1	1	1	1	1	1	1	1	1	1	2	1	2	2	5	2	2	2	4	5	6	5	2	3	10	12	2	14	4	1	2	1	2	4	5	2	6	6	1	3	1	1	5	13	18	4	4	4	9	1	2	1	1	2	8	3	3	1	6	5	2	2	1	7	5	13	2	6	12	14	10	5	20	15	5	6	4	10	10	2	3	3	4	1	1	4	13	1	1	3	3	2	1	1	1	1	1	1	1	1	1	1	2	1	1	1	1	1	1	1	3	3	1	1	2	1	1	2	2	3	2	1	1	2	2	4	2	4	4	1	3	3	1	6	1	2	1	1	2	2	3	1	1	1	25	3	3	10	2	3	1	2	1	5	1	1	1	5	1	1	1	1	1	1	5	2	1	2	1	1	1	2	1	1	1	2	1	2	4	1	1	1	3	3	3	1	4	13	1	2	2	1	3	1	1	4	2	6	6	2	1	1	1	1	1	1	1	1	1	1	1	1	1	1	1	1	2	1	1	1	1	1	3	1	1	1	1	1	2	1	1	2	2	1	1	1	1	1	1	1	1	2	1	1	1	1	1	1	1	1	1	1	1	1	1	1	1	3	4	10	5	3	14	6	2	2	3	4	5	16	4	5	1	3	4	7	5	7	2	5	7	10	2	2	10	1	13	2	9	16	4	3	8	4	2	6	3	2	5	4	3	10	6	5	8	2	8	5	3	9	1	5	14	6	3	4	2	2	3	9	2	2	6	9	3	4	15	15	3	3	8	18	2	1	4	9	3	15	6	1	1	1	1	1	1	2	1	1	1	1	1	1	1	1	1	1	1	1	1	1	1	2	1	1	1	1	1	1	1	3	1	1	1	2	1	1	1	1	1	1	1	2	1	2	1	1	1	2	1	2	1	1	1	2	3	4	4	4	1	2	1	2	4	7	1	1	2	4	1	3	3	2	4	1	2	3	2	2	3	4	1	2	1	1	1	1	2	1	1	1	1	2	1	1	2	1	1	1	4	1	3	1	2	2	3	1	1	1	1	2	4	8	7	1	3	1	3	3	1	1	1	1	2	1	3	1	1	1	1	2	3	7	2	4	6	2	1	2	1	1	2	2	1	1	1	1	1	1	1	1	1	1	4	1	2	1	1	1	1	1	2	1	1	2	1	1	1	1	1	1	1	1	1	1	1	1	1	1	1	1	1	1	1	1	6	15	3	3	2	9	9	6	4	2	2	2	9	2	1	4	10	1	2	3	2	2	3	1	16	6	8	4	2	10	1	4	1	5	3	2	4	4	7	8	2	2	12	6	6	4	14	1	6	5	1	8	7	12	7	5	7	13	15	4	3	7	18	7	14	6	6	5	21	1	1	1	2	1	1	1	1	1	1	1	1	1	1	1	1	1	2	1	1	1	1	1	2	2	1	1	1	2	1	1	1	1
ELAPSED TIME: 5880.19
