HEURISTIC ELAPSED TIME: 896.952
Parameters:
verbose => false
logfile => 
source => http://localhost:8891/sparql?default-graph-uri=http://sider.org
target => http://localhost:8891/sparql?default-graph-uri=http://dailymed.org
class =>  <http://www4.wiwiss.fu-berlin.de/sider/resource/sider/drugs> 
append => a
format => txt
chunk => 150
topk => 0
offset => 0
stringthreshold => 0.7
usepivot => true
blocking => true
transitionupdate => false
globalrecall => true
aligner => HierarchicalClusterAligner
ranker => TimeBasedTransitionRanking
selector => DecisionTreeSelectionAlgorithm
searcher => Baseline
learningpercent => 0.2
transitionfailurerate => 1.0
qconly => false
$shuffle
true
$orderbyclause

$orderby

LATEX 3640 & 0.856093080220453 & 7.0 & 4.36974789915966 & 1003.999
PAIR COMPLETENESS: 0.856093080220453
RECALL: 0.554807103490508
PRECISON: 0.713385826771653
FMEASURE: 0.624181880812952
NUMBER QUERIES: 6468
RATIO NUMBER QUERIES/INSTANCES: 7.0
RATIO QUERIES/POSITIVES: 0.540816326530612
RATIO QUERIES/NEGATIVES: 0.459183673469388
NUMBER HOMONYMS: 3640
RATIO HOMONYMS/INSTANCES: 4.36974789915966
SORTED LIST OF HOMONYMS: 1	1	1	1	1	1	1	1	1	1	1	1	1	1	1	1	1	1	1	1	1	1	1	1	1	1	1	1	1	1	1	1	1	1	1	1	1	1	1	1	1	1	1	1	1	1	1	1	1	1	1	1	1	1	1	1	1	1	1	1	1	1	1	1	1	1	1	1	1	1	1	1	1	1	1	1	1	1	1	1	1	1	1	1	1	1	1	1	1	1	1	1	1	1	1	1	1	1	1	1	1	1	1	2	2	2	2	2	2	2	2	2	2	2	2	2	2	2	2	2	2	2	2	2	2	2	2	2	2	2	2	2	2	2	2	2	2	2	2	2	2	2	2	2	2	2	2	2	2	2	2	2	2	2	2	2	2	2	2	2	2	2	2	2	2	2	2	2	2	2	2	2	2	2	2	2	2	2	2	2	2	2	2	2	2	2	2	2	2	2	2	2	2	2	2	2	2	2	2	2	2	2	2	2	2	2	2	2	2	2	2	2	2	2	2	2	2	2	2	2	2	2	2	2	2	2	2	2	2	2	2	2	2	2	2	2	2	2	2	2	2	2	2	2	2	2	2	2	2	2	2	2	2	2	2	2	2	2	2	2	2	2	2	2	2	2	2	2	2	2	2	2	2	2	2	2	2	2	2	2	2	2	2	2	2	2	2	2	2	2	2	2	2	2	2	2	2	2	2	2	2	2	2	2	2	2	2	2	2	2	2	2	2	2	2	2	2	2	2	2	2	2	2	2	2	2	2	2	2	2	2	2	2	2	2	2	2	2	2	2	2	2	2	2	2	2	2	2	2	2	2	2	2	2	2	2	2	2	2	2	2	2	2	2	2	2	2	2	2	3	3	3	3	3	3	3	3	3	3	3	3	3	3	3	3	3	3	3	3	3	3	3	3	3	3	3	3	3	3	3	3	3	3	3	3	3	3	3	3	3	3	3	3	3	3	3	3	3	3	3	3	3	3	3	3	3	3	3	3	3	3	3	3	3	3	3	3	3	3	3	3	3	3	3	3	3	3	3	3	3	3	3	3	3	3	3	3	3	3	3	3	3	3	3	3	3	3	3	3	3	3	3	3	3	3	3	3	3	3	3	3	3	3	3	3	3	3	3	3	3	3	3	3	3	3	3	3	3	3	3	3	3	3	3	3	3	3	3	3	3	3	3	3	3	3	3	3	3	3	3	3	3	3	3	4	4	4	4	4	4	4	4	4	4	4	4	4	4	4	4	4	4	4	4	4	4	4	4	4	4	4	4	4	4	4	4	4	4	4	4	4	4	4	4	4	4	4	4	4	4	4	4	4	4	4	4	4	4	4	4	4	4	4	4	4	4	4	4	4	4	4	4	4	4	4	4	4	4	4	4	4	4	4	4	4	4	5	5	5	5	5	5	5	5	5	5	5	5	5	5	5	5	5	5	5	5	5	5	5	5	5	5	5	5	5	5	5	5	5	5	5	5	5	5	5	5	5	5	5	5	5	5	5	5	5	5	5	5	5	5	6	6	6	6	6	6	6	6	6	6	6	6	6	6	6	6	6	6	6	6	6	6	6	6	6	6	6	6	6	6	6	6	6	6	6	6	6	6	6	6	6	6	6	7	7	7	7	7	7	7	7	7	7	7	7	7	7	7	7	7	7	7	7	7	7	7	7	8	8	8	8	8	8	8	8	8	8	8	8	8	8	8	8	8	8	8	8	9	9	9	9	9	9	9	9	9	9	9	9	9	9	9	9	9	9	9	10	10	10	10	10	10	10	10	10	10	10	10	10	10	10	10	10	11	11	11	11	11	11	11	11	11	11	11	11	12	12	12	12	12	12	12	12	12	12	12	12	12	12	13	13	13	13	13	13	14	14	14	14	14	14	14	14	15	15	15	15	15	15	15	15	15	16	16	16	16	16	18	18	18	18	18	18	18	18	18	20	21	22	25	26	34
LIST OF HOMONYMS: 4	3	3	3	1	2	2	2	5	3	3	2	2	2	4	9	1	2	7	1	1	1	5	2	5	2	1	7	1	1	3	6	2	2	3	2	11	1	1	1	1	6	2	2	1	4	2	4	3	2	4	3	2	2	3	1	2	3	12	2	2	2	3	2	2	3	3	2	2	2	1	2	3	2	3	2	5	1	3	2	1	3	2	3	3	3	1	4	3	2	5	2	2	1	2	4	2	2	4	2	6	2	4	2	5	2	3	7	4	2	2	6	6	2	2	2	2	2	5	2	3	15	2	5	4	2	3	6	2	4	4	3	2	4	2	2	4	1	3	2	2	2	1	2	2	2	2	2	2	4	2	3	5	3	5	2	2	2	2	2	6	8	3	1	5	2	5	11	12	2	4	4	11	7	2	2	9	5	2	4	4	6	6	5	2	14	3	2	4	6	5	5	2	7	12	2	2	3	1	2	1	12	2	11	4	3	2	3	10	6	1	5	1	5	1	3	6	5	13	2	6	6	14	10	6	20	16	6	2	4	10	9	2	1	2	5	3	4	4	14	7	3	6	3	13	12	3	1	9	2	3	3	2	1	6	4	5	5	1	14	2	2	3	7	6	1	4	11	8	4	4	13	5	1	18	2	1	2	2	3	2	1	1	2	2	4	2	4	4	1	3	4	1	6	1	2	1	1	2	2	3	1	1	1	26	5	3	10	3	3	3	2	1	1	5	1	3	2	2	1	6	2	5	4	6	2	2	1	3	4	3	2	12	3	5	3	2	3	2	3	2	10	1	1	4	1	3	3	2	4	15	2	3	3	2	3	2	3	4	2	7	6	2	4	7	4	2	2	2	2	2	3	3	8	8	4	2	2	2	4	8	2	7	2	5	3	6	3	10	2	2	2	3	2	5	1	6	2	2	2	2	2	2	3	2	2	3	1	1	2	3	4	2	9	2	2	3	2	7	2	3	4	8	2	2	2	2	2	2	3	2	2	3	3	9	10	6	3	14	6	2	1	1	3	5	4	16	5	2	3	4	4	7	5	8	2	5	3	7	12	2	8	2	10	5	2	2	2	2	3	2	2	15	4	2	2	2	2	5	4	3	10	7	5	8	2	18	4	6	2	1	9	3	1	5	3	1	3	4	4	3	3	3	5	8	3	6	9	2	2	6	16	15	3	3	8	9	18	2	7	4	11	9	3	15	1	8	11	12	25	5	15	4	1	2	6	1	3	2	3	3	3	2	2	12	10	9	3	2	1	1	1	3	6	2	4	3	2	8	4	14	2	2	2	3	9	18	12	21	8	3	2	2	3	3	11	3	8	12	2	3	10	11	2	2	3	15	11	1	3	9	4	3	2	5	5	5	4	2	2	1	3	4	7	2	1	2	4	1	3	3	2	5	1	2	3	2	3	3	4	3	3	1	2	4	2	1	3	2	1	2	2	4	3	2	1	4	13	2	2	4	3	3	1	3	3	4	4	18	7	7	3	3	3	2	3	2	1	1	2	1	3	2	3	2	3	2	1	2	3	3	3	7	2	4	6	7	3	3	2	2	8	1	1	1	1	8	2	2	2	2	9	5	2	5	2	4	4	2	2	2	2	5	2	18	5	3	2	5	9	2	3	2	2	2	2	3	2	2	2	2	2	2	2	2	1	2	2	2	3	6	15	3	3	2	9	10	6	4	2	2	1	9	3	4	4	10	4	1	3	2	2	12	4	18	1	3	1	22	2	10	3	5	4	2	10	2	2	2	2	10	16	6	1	2	5	7	6	6	4	14	3	8	13	2	5	8	4	2	12	7	3	4	8	12	15	6	3	7	16	2	13	14	6	6	34	9	1	1	1	11	2	18	3	4	3	10	3	1	1	1	1	1	3	2	5	9	3	3	3	2	4	2	3	6	11	2	18	5	2	4	5	3	6	2	2	7	1	1	1	1	1
ELAPSED TIME S: 1004.002
ELAPSED TIME M: 16.7333833333333
