HEURISTIC ELAPSED TIME: 12254.058
Parameters:
verbose => false
logfile => 
source => http://localhost:8891/sparql?default-graph-uri=http://sider.org
target => http://localhost:8891/sparql?default-graph-uri=http://dailymed.org
class =>  <http://www4.wiwiss.fu-berlin.de/sider/resource/sider/drugs> 
append => a
format => txt
chunk => 150
topk => 0
offset => 0
stringthreshold => 0.7
usepivot => true
blocking => true
transitionupdate => false
globalrecall => true
aligner => NoAligner
ranker => TimeBasedTransitionRanking
selector => DecisionTreeSelectionAlgorithm
searcher => Baseline
learningpercent => 0.2
transitionfailurerate => 1.0
qconly => false
$shuffle
true
$orderbyclause

$orderby

LATEX 2552 & 0.817513778322107 & 3.0 & 3.19 & 12301.705
PAIR COMPLETENESS: 0.817513778322107
RECALL: 0.525413349663196
PRECISON: 0.839530332681018
FMEASURE: 0.646327683615819
NUMBER QUERIES: 2772
RATIO NUMBER QUERIES/INSTANCES: 3.0
RATIO QUERIES/POSITIVES: 0.527056277056277
RATIO QUERIES/NEGATIVES: 0.472943722943723
NUMBER HOMONYMS: 2552
RATIO HOMONYMS/INSTANCES: 3.19
SORTED LIST OF HOMONYMS: 1	1	1	1	1	1	1	1	1	1	1	1	1	1	1	1	1	1	1	1	1	1	1	1	1	1	1	1	1	1	1	1	1	1	1	1	1	1	1	1	1	1	1	1	1	1	1	1	1	1	1	1	1	1	1	1	1	1	1	1	1	1	1	1	1	1	1	1	1	1	1	1	1	1	1	1	1	1	1	1	1	1	1	1	1	1	1	1	1	1	1	1	1	1	1	1	1	1	1	1	1	1	1	1	1	1	1	1	1	1	1	1	1	1	1	1	1	1	1	1	1	1	1	1	1	1	1	1	1	1	1	1	1	1	1	1	1	1	1	1	1	1	1	1	1	1	1	1	1	1	1	1	1	1	1	1	1	1	1	1	1	1	1	1	1	1	1	1	1	1	1	1	1	1	1	1	1	1	1	1	1	1	1	1	1	1	1	1	1	1	1	1	1	1	1	1	1	1	1	1	1	1	1	1	1	1	1	1	1	1	1	1	1	1	1	1	1	1	1	1	1	1	1	1	1	1	1	1	1	1	1	1	1	1	1	1	1	1	1	1	1	1	1	1	1	1	1	1	1	1	1	1	1	1	1	1	1	1	1	1	1	1	1	1	1	1	1	1	1	1	1	1	1	1	1	1	1	1	1	1	1	1	1	1	1	1	1	1	1	1	1	1	1	1	1	1	2	2	2	2	2	2	2	2	2	2	2	2	2	2	2	2	2	2	2	2	2	2	2	2	2	2	2	2	2	2	2	2	2	2	2	2	2	2	2	2	2	2	2	2	2	2	2	2	2	2	2	2	2	2	2	2	2	2	2	2	2	2	2	2	2	2	2	2	2	2	2	2	2	2	2	2	2	2	2	2	2	2	2	2	2	2	2	2	2	2	2	2	2	2	2	2	2	2	2	2	2	2	2	2	2	2	2	2	2	2	2	2	2	2	2	2	2	2	2	2	2	2	2	2	2	2	2	2	2	2	2	2	2	2	2	2	2	2	2	2	2	2	2	2	2	2	2	2	2	2	2	2	2	2	2	2	2	2	2	2	2	2	2	2	2	2	2	2	2	2	2	2	2	2	2	2	2	2	2	2	2	2	2	2	2	2	2	2	2	2	2	2	2	2	2	2	2	2	2	2	2	2	2	2	2	3	3	3	3	3	3	3	3	3	3	3	3	3	3	3	3	3	3	3	3	3	3	3	3	3	3	3	3	3	3	3	3	3	3	3	3	3	3	3	3	3	3	3	3	3	3	3	3	3	3	3	3	3	3	3	3	3	3	3	3	3	3	3	3	3	3	3	3	3	3	3	3	3	3	3	3	3	3	3	3	3	3	3	3	3	3	3	3	3	3	3	3	3	3	3	3	3	3	3	3	3	3	3	3	3	3	3	3	3	3	3	4	4	4	4	4	4	4	4	4	4	4	4	4	4	4	4	4	4	4	4	4	4	4	4	4	4	4	4	4	4	4	4	4	4	4	4	4	4	4	4	4	4	4	4	4	4	4	4	4	4	4	4	4	4	4	4	4	4	4	5	5	5	5	5	5	5	5	5	5	5	5	5	5	5	5	5	5	5	5	5	5	5	5	5	5	5	5	5	5	5	5	6	6	6	6	6	6	6	6	6	6	6	6	6	6	6	6	6	6	6	6	6	6	6	6	6	6	7	7	7	7	7	7	7	7	7	7	7	7	7	7	7	7	7	7	7	7	8	8	8	8	8	8	8	8	8	9	9	9	9	9	9	9	9	9	9	9	9	10	10	10	10	10	10	10	10	10	10	10	10	11	11	11	11	12	12	12	12	12	12	12	12	13	13	13	13	14	14	14	15	15	15	15	15	15	15	16	16	16	17	17	18	18	19	20	25
LIST OF HOMONYMS: 2	3	3	3	1	1	2	2	5	2	3	2	1	4	7	2	6	1	1	5	2	4	2	1	6	3	4	2	2	3	2	11	1	1	1	6	2	1	1	3	2	2	3	1	4	3	1	2	3	1	2	3	1	1	1	2	3	1	1	2	3	1	1	1	1	2	2	2	2	1	3	1	2	2	3	2	2	3	3	4	1	1	3	2	2	1	1	3	1	2	4	2	4	2	4	2	5	2	3	7	4	1	1	1	1	2	1	1	1	1	3	1	2	12	2	2	2	1	3	3	1	1	4	2	1	1	1	1	4	1	2	1	1	2	1	2	1	1	1	2	1	3	1	2	5	3	5	2	2	2	1	1	6	1	3	5	2	4	10	12	2	2	4	3	1	1	2	6	5	2	4	3	6	6	5	1	12	3	2	1	1	4	4	1	2	11	1	1	1	1	2	1	6	2	9	4	3	2	2	1	1	5	1	2	1	2	1	5	13	2	6	1	14	10	5	20	15	5	1	4	10	8	2	1	4	1	1	4	13	1	1	1	1	12	3	2	1	2	1	3	2	2	1	2	2	1	5	1	5	2	1	2	1	1	1	3	2	7	3	2	3	2	1	2	1	2	2	3	2	1	1	2	2	4	2	4	4	1	3	3	1	6	1	2	1	1	2	2	3	1	1	25	3	3	10	2	3	1	2	1	5	3	1	1	5	1	5	1	6	1	1	2	2	1	2	11	1	1	3	2	3	1	2	7	1	4	3	3	1	4	13	2	2	3	2	3	1	1	4	2	6	6	2	3	1	3	2	1	1	2	2	3	1	8	1	2	1	1	2	1	8	2	7	1	1	2	6	3	10	1	2	2	3	2	5	1	1	2	1	2	1	2	2	3	2	1	3	1	1	1	2	1	1	9	2	2	1	1	7	2	1	1	8	1	1	2	1	1	2	1	1	1	3	3	7	10	5	3	14	6	2	1	1	3	4	3	16	4	2	3	3	4	7	5	7	2	2	3	7	12	2	5	2	10	3	1	2	2	1	2	1	2	2	4	1	1	2	5	4	3	10	6	5	8	2	16	3	3	2	9	1	1	5	2	3	2	4	1	2	3	5	2	3	6	9	1	2	1	15	15	2	3	8	1	18	1	1	4	1	9	3	15	6	7	11	4	1	4	1	1	1	3	1	2	1	2	1	1	1	1	12	1	1	3	1	1	1	1	1	1	1	3	2	1	2	4	1	1	2	2	1	6	1	2	3	3	2	1	1	1	3	2	3	1	1	1	2	1	2	1	1	2	5	1	1	2	9	1	2	2	3	4	4	4	1	2	1	2	4	7	1	1	2	4	3	3	2	4	1	2	3	2	2	3	4	1	2	1	1	3	1	2	1	1	1	2	3	3	1	1	4	1	1	1	4	1	3	1	1	2	1	4	17	7	7	3	2	3	1	3	2	1	2	1	2	1	3	2	1	1	1	1	3	2	3	7	2	4	6	7	1	2	1	2	8	1	1	1	7	1	1	2	1	9	5	2	5	2	1	4	2	2	1	1	1	2	17	5	3	2	2	1	1	3	1	1	1	1	3	1	1	2	1	1	1	2	1	1	1	1	1	1	6	15	3	3	2	9	9	6	4	2	2	9	2	4	4	10	3	1	2	2	10	4	15	3	18	2	10	1	4	3	2	9	2	1	1	1	16	1	1	2	2	5	6	5	4	14	3	6	2	4	1	2	1	12	7	2	4	7	2	15	4	3	7	12	1	13	8	8	6	19	5	1	1	1	4	1	3	1	3	3	10	3	1	1	1	1	1	3	2	1	1	2	2	1	1	1	2	2	2	6	1	9	4	1	3	1	2	1	2	2	1	1	1	1	1	1
ELAPSED TIME S: 12301.706
ELAPSED TIME M: 205.028433333333
