NaN
0.833333333333333
0.5
0.363636363636364
0.333333333333333
0.0
0.0909090909090909
0.181818181818182
0.181818181818182
0.4
0.0
0.0
0.333333333333333
0.0
0.133333333333333
0.153846153846154
0.0909090909090909
0.428571428571429
0.0909090909090909
0.266666666666667
0.0
0.333333333333333
0.266666666666667
0.0
0.0
0.333333333333333
0.333333333333333
0.0909090909090909
0.2
0.222222222222222
0.3
0.0
0.0
0.0909090909090909
0.333333333333333
0.166666666666667
0.133333333333333
0.181818181818182
0.333333333333333
0.0
0.272727272727273
0.166666666666667
0.0
0.222222222222222
0.0666666666666666
0.111111111111111
0.111111111111111
0.0
0.142857142857143
0.0
0.111111111111111
0.222222222222222
0.111111111111111
0.0
0.111111111111111
0.0909090909090909
0.0
0.222222222222222
0.2
0.111111111111111
0.0
0.0909090909090909
0.266666666666667
0.0909090909090909
0.272727272727273
0.133333333333333
0.272727272727273
0.111111111111111
0.222222222222222
0.111111111111111
0.0666666666666666
0.0909090909090909
0.0
0.0909090909090909
0.2
0.111111111111111
0.0
0.266666666666667
0.133333333333333
0.0
0.111111111111111
0.0
0.181818181818182
0.2
0.0
0.142857142857143
0.2
0.0666666666666666
0.0
0.0
0.0
