[<http://www.w3.org/2003/01/geo/wgs84_pos#long>=<http://www.w3.org/2003/01/geo/wgs84_pos#long>] 0.6 4 
TIME: 1.055
CARDINALITY: 0.0
TOTAL: 33.0
SUCCESS: 0.0
FAILURES: 33.0
GLOBAL SUCESS CHANCE: 0.0
Elapse time: 0.0310294117647059
Cardinality Ratio: 1.0
Failure Ratio: 1.0
Cost: 1.00048129637413
[<http://www.w3.org/2003/01/geo/wgs84_pos#long>=<http://www.w3.org/2003/01/geo/wgs84_pos#long>] 0.6 5 
TIME: 0.952
CARDINALITY: 0.0
TOTAL: 33.0
SUCCESS: 0.0
FAILURES: 33.0
GLOBAL SUCESS CHANCE: 0.0
Elapse time: 0.028
Cardinality Ratio: 1.0
Failure Ratio: 1.0
Cost: 1.0003919231981
[<http://www.w3.org/2003/01/geo/wgs84_pos#long>=<http://www.w3.org/2003/01/geo/wgs84_pos#long>] 0.6 1 
TIME: 1.453
CARDINALITY: 0.0
TOTAL: 33.0
SUCCESS: 0.0
FAILURES: 33.0
GLOBAL SUCESS CHANCE: 0.0
Elapse time: 0.0427352941176471
Cardinality Ratio: 1.0
Failure Ratio: 1.0
Cost: 1.00091273613803
[<http://www.w3.org/2004/02/skos/core#prefLabel>=<http://www.geonames.org/ontology#alternateName>] 0.6 1 
TIME: 211.556999999999
CARDINALITY: 1185.0
TOTAL: 1787.0
SUCCESS: 1002.0
FAILURES: 785.0
GLOBAL SUCESS CHANCE: 0.343385880740233
Elapse time: 0.118320469798657
Cardinality Ratio: 0.155143338954469
Failure Ratio: 0.439597315436242
Cost: 0.195113272729756
[<http://www.w3.org/2004/02/skos/core#prefLabel>=<http://www.geonames.org/ontology#alternateName>] 0.6 2 
TIME: 2.98
CARDINALITY: 54.0
TOTAL: 18.0
SUCCESS: 9.0
FAILURES: 9.0
GLOBAL SUCESS CHANCE: 0.00308430431802604
Elapse time: 0.156842105263158
Cardinality Ratio: 0.836363636363636
Failure Ratio: 0.526315789473684
Cost: 0.850942758483075
[<http://www.w3.org/2003/01/geo/wgs84_pos#long>=<http://www.w3.org/2003/01/geo/wgs84_pos#long>] 0.6 2 
TIME: 661.076999999998
CARDINALITY: 17021.0
TOTAL: 946.0
SUCCESS: 699.0
FAILURES: 247.0
GLOBAL SUCESS CHANCE: 0.23954763536669
Elapse time: 0.698074973600843
Cardinality Ratio: 0.958935495241452
Failure Ratio: 0.261879619852165
Cost: 1.18611380263522
[<http://www.w3.org/2003/01/geo/wgs84_pos#long>=<http://www.w3.org/2003/01/geo/wgs84_pos#long>] 0.6 3 
TIME: 15.493
CARDINALITY: 564.0
TOTAL: 24.0
SUCCESS: 10.0
FAILURES: 14.0
GLOBAL SUCESS CHANCE: 0.00342700479780672
Elapse time: 0.61972
Cardinality Ratio: 0.982300884955752
Failure Ratio: 0.6
Cost: 1.16145077682391
[<http://www.w3.org/2004/02/skos/core#prefLabel>=<http://www.geonames.org/ontology#alternateName>] 0.6 4 
TIME: 10.248
CARDINALITY: 9.0
TOTAL: 15.0
SUCCESS: 2.0
FAILURES: 13.0
GLOBAL SUCESS CHANCE: 0.000685400959561343
Elapse time: 0.6405
Cardinality Ratio: 0.8
Failure Ratio: 0.875
Cost: 1.02481229988715
[<http://www.w3.org/2004/02/skos/core#prefLabel>=<http://www.geonames.org/ontology#alternateName>] 0.6 3 
TIME: 4.874
CARDINALITY: 9.0
TOTAL: 15.0
SUCCESS: 2.0
FAILURES: 13.0
GLOBAL SUCESS CHANCE: 0.000685400959561343
Elapse time: 0.304625
Cardinality Ratio: 0.8
Failure Ratio: 0.875
Cost: 0.856035274170989
[<http://www.w3.org/2004/02/skos/core#prefLabel>=<http://www.geonames.org/ontology#alternateName>] 0.6 5 
TIME: 15.646
CARDINALITY: 9.0
TOTAL: 14.0
SUCCESS: 2.0
FAILURES: 12.0
GLOBAL SUCESS CHANCE: 0.000685400959561343
Elapse time: 1.04306666666667
Cardinality Ratio: 0.8
Failure Ratio: 0.866666666666667
Cost: 1.31452960069795
HEURISTIC ELAPSED TIME: 1479.398
Parameters:
verbose => false
logfile => 
source => http://localhost:8890/sparql?default-graph-uri=http://nytimes.org
target => http://localhost:8898/sparql?default-graph-uri=http://geonames.org
class =>  <http://data.nytimes.com/elements/nytd_geo> 
append => a
format => txt
chunk => 150
topk => 1
offset => 0
stringthreshold => 0.7
usepivot => true
blocking => true
transitionupdate => false
globalrecall => true
aligner => HierarchicalClusterAligner
ranker => TimeBasedTransitionRanking
selector => DecisionTreeSelectionAlgorithm
searcher => BranchAndBound
learningpercent => 0.2
transitionfailurerate => 1.0
qconly => false
sparqllimit => 100
name => SondaA
$shuffle
true
$orderbyclause

$orderby

 & SondaA  & 10 & 1.63   & 167.12  & 929.51 & 8.74 & 80.55 & 15.77  \\ 
LEARNING TIME: 167.123
SEARCH TIME: 929.511
MATCHER TIME: 545.038
TOTAL TIME: 1641.67
PAIR COMPLETENESS: 0.805477920626048
RECALL: 0.718837339295696
PRECISON: 0.79089790897909
FMEASURE: 0.753147877013177
FOUND INSTANCES: 1584
NUMBER QUERIES: 2918
RATIO NUMBER QUERIES / INSTANCES: 1.63290430889759
RATIO QUERIES/POSITIVES: 0.591501028101439
RATIO QUERIES/NEGATIVES: 0.408498971898561
NUMBER HOMONYMS: 18117
RATIO HOMONYMS/INSTANCES: 11.4375
INSTANCES / HOMONYMS RATIO: 0.087431693989071
SORTED LIST OF HOMONYMS: 1	1	1	1	1	1	1	1	1	1	1	1	1	1	1	1	1	1	1	1	1	1	1	1	1	1	1	1	1	1	1	1	1	1	1	1	1	1	1	1	1	1	1	1	1	1	1	1	1	1	1	1	1	1	1	1	1	1	1	1	1	1	1	1	1	1	1	1	1	1	1	1	1	1	1	1	1	1	1	1	1	1	1	1	1	1	1	1	1	1	1	1	1	1	1	1	1	1	1	1	1	1	1	1	1	1	1	1	1	1	1	1	1	1	1	1	1	1	1	1	1	1	1	1	1	1	1	1	1	1	1	1	1	1	1	1	1	1	1	1	1	1	1	1	1	1	1	1	1	1	1	1	1	1	1	1	1	1	1	1	1	1	1	1	1	1	1	1	1	1	1	1	1	1	1	1	1	1	1	1	1	1	1	1	1	1	1	1	1	1	1	1	1	1	1	1	1	1	1	1	1	1	1	1	1	1	1	1	1	1	1	1	1	1	1	1	1	1	1	1	1	1	1	1	1	1	1	1	1	1	1	1	1	1	1	1	1	1	1	1	1	1	1	1	1	1	1	1	1	1	1	1	1	1	1	1	1	1	1	1	1	1	1	1	1	1	1	1	1	1	1	1	1	1	1	1	1	1	1	1	1	1	1	1	1	1	1	1	1	1	1	1	1	1	1	1	1	1	1	1	1	1	1	1	1	1	1	1	1	1	1	1	1	1	1	1	1	1	1	1	1	1	1	1	1	1	1	1	1	1	1	1	1	1	1	1	1	1	1	1	1	1	1	1	1	1	1	1	1	1	1	1	1	1	1	1	1	1	1	1	1	1	1	1	1	1	1	1	1	1	1	1	1	1	1	1	1	1	1	1	1	1	1	1	1	1	1	1	1	1	1	1	1	1	1	1	1	1	1	1	1	1	1	1	1	1	1	1	1	1	1	1	1	1	1	1	1	1	1	1	1	1	1	1	1	1	1	1	1	1	1	1	1	1	1	1	1	1	1	1	1	1	1	1	1	1	1	1	1	1	1	1	1	1	1	1	1	1	1	1	1	1	1	1	1	1	1	1	1	1	1	1	1	1	1	1	1	1	1	1	1	1	1	1	1	1	1	1	1	1	1	1	1	1	1	1	1	1	1	1	1	1	1	1	1	1	1	1	1	1	1	1	1	1	1	1	1	1	1	1	1	1	1	1	1	1	1	1	1	1	1	1	1	1	1	1	1	1	1	1	1	1	1	1	1	1	1	1	1	1	1	1	1	1	1	1	1	1	1	1	1	1	1	1	1	1	1	1	1	1	1	1	1	1	1	1	1	1	1	1	1	1	1	1	1	1	1	1	1	1	1	1	1	1	1	1	1	1	1	1	1	1	1	1	1	1	1	1	1	1	1	1	1	1	1	1	1	1	1	1	1	1	1	1	1	1	1	1	1	1	1	1	1	1	1	1	1	1	1	1	1	1	1	1	1	1	1	1	1	1	1	1	1	1	1	1	1	1	1	1	1	1	1	1	1	1	1	1	1	1	1	1	1	1	1	1	1	1	1	1	1	1	1	1	1	1	1	1	1	1	1	1	1	1	1	1	1	1	1	1	1	1	1	1	1	1	1	1	1	1	1	1	1	1	1	1	1	1	1	1	1	1	1	1	1	1	1	1	1	1	1	1	1	1	1	1	1	1	1	1	1	1	1	1	1	1	1	1	1	1	1	1	1	1	1	1	1	1	1	1	1	1	1	1	1	1	1	1	1	1	1	1	1	1	1	1	1	1	1	1	1	1	1	1	1	1	1	1	1	1	1	1	1	1	1	1	1	1	1	1	1	1	1	1	1	1	1	1	1	1	1	1	1	1	1	1	1	1	1	1	1	1	1	1	1	1	1	1	1	1	1	1	1	1	1	1	1	1	1	1	1	1	1	1	1	1	1	1	1	1	1	1	1	1	1	1	1	1	1	1	1	1	1	1	1	1	1	1	1	1	1	1	1	1	1	1	1	1	1	1	1	1	1	1	1	1	1	1	1	1	1	1	1	1	1	1	1	1	1	1	1	1	1	1	1	1	1	1	1	1	1	1	1	1	1	1	1	1	1	1	1	1	1	1	1	1	1	1	1	1	1	1	1	1	1	1	1	1	1	1	1	1	1	1	1	1	1	1	1	1	1	1	1	1	1	1	1	1	1	1	1	1	1	1	1	1	1	1	1	1	1	1	1	1	1	1	1	1	1	1	1	1	1	1	1	1	1	1	1	1	1	1	1	1	1	1	1	1	1	1	1	1	1	1	1	1	1	1	1	1	1	1	1	1	1	1	1	1	1	1	1	1	1	1	1	1	1	1	1	1	1	1	1	1	1	1	1	1	1	1	1	1	1	1	1	1	1	1	1	1	1	1	1	1	1	1	1	1	1	1	1	1	1	1	1	1	1	1	1	1	1	1	1	1	1	1	1	1	1	1	1	1	1	1	1	1	1	1	1	1	1	1	1	1	1	1	1	1	1	1	1	1	1	1	1	1	1	1	1	1	1	1	1	1	1	1	1	1	1	1	1	1	1	1	1	1	1	1	1	1	1	1	1	1	1	1	1	1	1	1	1	1	1	1	1	1	1	2	2	2	2	2	2	2	2	2	2	2	2	2	2	2	2	2	2	2	2	2	2	2	2	2	2	2	2	2	2	2	2	2	2	2	2	2	2	2	2	2	2	2	2	2	2	2	2	2	2	2	2	2	2	2	2	2	2	2	2	2	2	2	2	2	2	2	2	2	2	2	2	2	2	2	2	2	2	2	2	2	2	2	2	2	2	2	2	2	2	2	2	2	2	2	2	2	2	2	2	2	2	2	2	2	2	2	2	2	2	2	2	2	2	2	2	2	2	2	2	2	2	2	2	2	2	2	2	2	2	2	2	2	2	2	2	2	2	2	2	2	2	2	2	2	2	2	2	3	3	3	3	3	3	3	3	3	3	3	3	3	3	3	3	3	3	3	3	3	3	3	3	3	3	3	3	3	3	3	3	3	3	3	3	3	3	3	3	3	3	3	3	3	3	3	3	3	3	3	3	3	4	4	4	4	4	4	4	4	4	4	4	4	4	4	4	4	4	4	4	4	4	4	5	5	5	5	5	5	5	5	5	5	5	5	5	6	6	6	6	6	6	7	7	7	7	7	7	8	8	8	8	9	9	10	11	11	11	11	12	12	12	13	19	22	22	26	29	34	42	42	46	48	53	54	54	55	58	59	60	61	67	68	70	73	76	77	78	82	82	83	84	85	87	93	94	94	94	99	99	100	100	100	100	100	100	100	100	100	100	100	100	100	100	100	100	100	100	100	100	100	100	100	100	100	100	100	100	100	100	100	100	100	100	100	100	100	100	100	100	100	100	100	100	100	100	100	100	100	100	100	100	100	100	100	100	100	100	100	100	100	100	100	100	100	100	100	100	100	100	100	100	100	100	100	100	100	100	100	100	100	100	100	100	100	100	100	100	100	100	100	100	100	100	100	100	100	100	100	100	100	100	100	100	101	101	101	101	101	101	101	101	101	101	102	102	102	102	102	102	102	102	102	102	102	102	102	102	102	102	102	102	102	102	103	103	106
LIST OF HOMONYMS: 1	1	1	1	2	1	1	99	1	3	1	1	1	1	2	101	100	2	1	106	101	1	7	2	1	1	1	2	2	2	11	42	1	2	1	77	1	1	1	3	1	1	1	3	1	1	1	1	1	4	1	1	1	1	1	1	3	100	1	1	1	1	5	1	1	1	4	1	1	1	100	1	1	2	1	1	1	1	3	1	1	2	2	1	1	1	1	2	1	2	1	3	1	1	1	1	1	102	1	1	1	1	1	1	1	101	2	1	1	1	1	1	1	1	1	1	1	2	1	1	1	1	1	1	100	4	1	1	101	2	1	1	1	1	1	1	2	1	2	1	1	1	1	1	1	1	1	1	100	1	1	1	1	2	1	1	1	1	1	1	2	1	1	1	1	1	1	2	1	3	2	1	1	2	1	1	1	1	1	1	1	1	1	1	1	1	1	1	1	1	100	100	102	70	4	1	1	1	1	1	1	1	1	1	1	1	100	100	1	3	1	1	1	102	1	2	100	101	4	100	1	1	1	1	1	1	100	100	2	59	2	1	1	1	1	1	1	1	1	2	1	1	1	1	1	1	3	1	1	1	1	4	1	8	1	1	1	1	1	1	1	1	1	4	1	1	11	100	68	1	1	1	1	1	1	1	1	1	1	1	1	2	1	100	5	1	1	1	1	100	2	2	1	1	1	1	1	1	1	2	100	2	1	1	100	3	76	1	1	1	1	100	1	1	1	1	2	1	4	1	1	2	1	4	1	1	1	1	1	2	1	1	1	1	1	1	1	1	1	1	1	101	1	1	1	100	1	1	1	1	1	100	1	1	102	1	1	1	2	1	1	1	100	1	1	1	2	1	54	2	1	3	3	1	1	1	1	1	2	1	1	1	1	1	1	82	1	1	1	100	1	2	1	1	1	2	2	1	2	1	2	4	6	100	1	4	100	3	1	1	1	1	2	2	1	1	1	3	100	1	1	1	1	2	1	1	1	1	1	1	42	1	2	1	1	2	1	100	1	1	1	1	1	1	1	1	1	1	1	2	3	1	2	1	100	1	1	1	1	1	1	1	1	1	1	1	1	1	1	1	1	1	1	1	1	1	1	1	1	1	1	100	1	1	1	1	1	3	1	100	1	1	1	1	1	1	1	1	1	3	1	1	1	1	1	1	1	1	1	1	1	3	1	1	1	1	2	1	1	100	1	1	1	1	1	1	1	1	13	1	1	1	1	2	8	1	1	1	1	1	1	1	100	1	1	1	1	100	1	2	1	1	1	1	1	1	1	1	100	1	1	1	1	1	100	1	2	1	1	102	1	1	100	1	1	1	1	1	101	1	22	1	94	1	100	1	1	4	2	1	1	1	2	1	100	1	2	58	1	100	1	102	102	102	1	1	1	100	1	100	1	7	1	9	1	1	1	1	1	1	1	1	48	1	1	2	2	1	1	1	1	1	1	100	1	1	1	1	1	1	2	82	100	1	78	1	1	2	103	5	3	1	1	1	1	1	102	19	1	1	1	1	2	3	1	1	1	100	1	2	1	1	1	2	2	1	2	1	2	1	1	1	1	1	1	2	1	1	1	85	1	1	1	1	1	1	1	12	2	1	1	1	1	1	1	1	1	7	1	1	1	1	2	1	2	1	1	1	2	1	1	1	1	1	100	1	5	2	1	1	100	1	1	2	1	1	1	1	1	100	4	2	100	4	1	1	1	1	1	1	2	1	1	100	1	1	3	1	100	1	1	1	8	1	1	100	1	3	2	1	1	100	4	100	1	2	1	1	84	1	1	1	100	1	1	1	8	1	100	2	2	2	100	4	1	3	1	1	1	1	1	1	100	2	1	2	1	1	1	1	1	1	1	1	1	1	1	1	1	1	1	1	1	1	1	1	1	1	1	1	1	2	1	1	87	1	1	1	1	1	1	1	1	1	1	53	1	1	1	1	102	1	1	1	1	1	1	1	26	1	2	1	3	1	100	1	1	1	1	1	1	3	1	1	11	1	1	1	1	1	1	1	1	3	1	1	61	5	2	1	1	100	1	2	100	1	1	1	1	1	1	100	1	1	1	3	1	2	100	1	1	100	1	100	1	102	1	3	1	1	1	7	1	1	100	1	101	100	1	1	100	1	4	102	1	100	94	22	1	1	1	1	1	4	2	1	55	1	1	1	1	1	1	1	1	2	1	2	1	1	1	2	1	1	1	1	1	100	1	6	1	1	1	2	1	2	1	1	1	1	1	1	1	1	73	1	1	1	1	1	1	1	1	1	1	1	1	6	1	1	1	2	1	1	1	1	2	100	1	1	1	1	1	1	1	1	100	1	2	1	54	1	1	1	4	1	1	3	1	2	1	1	1	1	1	1	2	1	1	1	1	1	1	1	1	1	1	1	100	2	1	3	1	1	2	1	1	1	1	100	1	1	1	1	1	1	1	2	100	1	1	1	1	1	1	2	1	1	1	1	1	1	1	1	1	1	1	1	10	1	1	1	100	94	3	2	1	1	102	1	1	1	1	1	1	1	1	1	1	1	2	1	1	1	1	1	3	1	100	1	12	2	100	100	1	1	1	100	5	1	1	101	1	1	1	1	1	1	1	1	2	1	1	1	1	1	29	1	1	1	100	5	2	2	1	1	5	6	1	1	1	1	1	1	3	1	3	1	101	2	1	46	1	2	1	2	1	1	1	4	1	1	100	1	1	1	1	2	1	1	100	1	1	2	3	100	1	1	3	9	67	5	1	1	1	1	11	1	100	2	1	1	4	1	1	1	1	1	2	100	1	1	1	1	1	102	1	1	2	6	1	4	1	1	1	1	1	1	102	1	1	1	1	1	1	1	1	1	83	1	2	1	1	3	1	1	100	1	1	1	1	2	1	3	1	100	102	1	1	1	1	1	2	1	100	1	1	1	2	5	1	1	1	100	1	1	1	1	1	1	1	100	1	1	1	1	7	102	2	2	1	1	1	1	5	1	1	1	1	1	2	1	1	1	2	2	1	1	1	1	1	1	1	1	1	1	2	1	1	1	2	1	1	1	1	1	102	103	1	6	100	1	2	1	1	3	1	1	1	1	1	2	1	1	1	1	1	1	1	1	1	3	100	1	2	1	2	3	1	1	100	1	1	100	34	1	1	3	1	100	1	2	1	2	100	1	1	3	3	1	1	1	1	1	2	1	1	1	1	1	1	1	102	1	1	1	1	1	1	1	1	2	100	1	1	1	1	1	1	3	12	1	1	1	1	1	3	1	1	1	1	1	3	1	1	1	1	1	1	1	1	1	1	2	1	3	2	2	1	1	1	1	1	1	1	1	1	1	100	2	100	1	1	1	1	1	1	1	1	5	1	1	100	1	1	1	1	3	1	1	7	1	1	1	1	1	1	1	1	1	2	1	1	1	1	1	3	1	1	100	100	1	1	1	1	99	1	1	2	1	1	1	1	5	1	100	3	1	1	1	102	1	1	1	1	1	1	1	1	1	1	1	60	1	1	1	1	1	1	1	1	1	3	1	1	1	1	1	1	1	1	1	2	1	1	1	1	1	1	1	1	2	1	1	2	2	1	1	1	3	1	1	1	2	1	93	100	1	1	1	1	1	1	1
ELAPSED TIME S: 1649.371
ELAPSED TIME M: 27.4895166666667
