NaN
0.230769230769231
0.3
0.235294117647059
0.1
0.176470588235294
0.294117647058823
0.333333333333333
0.0555555555555556
0.15
0.0625
0.0909090909090909
0.2
0.0588235294117647
0.15
0.0625
0.0
0.0
0.125
0.1
0.0
0.133333333333333
0.1
0.0
0.0
0.0666666666666666
0.0666666666666666
0.0588235294117647
0.1
0.0
0.125
0.05
0.0
0.125
0.0
0.0
0.105263157894737
0.294117647058823
0.0666666666666666
0.0
0.125
0.0
0.0
0.0666666666666666
0.1
0.0666666666666666
0.0666666666666666
0.0
0.25
0.0
0.0
0.0666666666666666
0.0666666666666666
0.0
0.0666666666666666
0.235294117647059
0.0
0.0666666666666666
0.15
0.0666666666666666
0.0
0.117647058823529
0.15
0.176470588235294
0.105263157894737
0.1
0.1875
0.0666666666666666
0.0666666666666666
0.0666666666666666
