NaN
1.0
0.111111111111111
0.0666666666666666
0.0769230769230769
0.5
0.333333333333333
1.0
0.5
0.0833333333333334
0.5
1.0
0.0
0.5
0.0
0.1
0.0666666666666666
1.0
1.0
0.5
0.333333333333333
1.0
0.222222222222222
1.0
0.121212121212121
0.0
0.5
0.75
0.375
0.0
0.375
1.0
0.0666666666666666
0.0666666666666666
0.0
0.5
0.25
0.75
0.222222222222222
0.5
0.5
1.0
0.25
0.0
0.0
0.166666666666667
0.0
0.0666666666666666
0.5
0.0
0.0
0.0
0.0
0.0
0.0
1.0
0.0833333333333334
1.0
0.0
1.0
0.5
1.0
0.0666666666666666
1.0
1.0
0.0
1.0
0.0666666666666666
0.0
1.0
1.0
0.0
0.5
0.222222222222222
0.0
0.0
1.0
0.0
0.0666666666666666
0.0
1.0
0.166666666666667
0.222222222222222
0.0
1.0
0.222222222222222
0.0
0.0
1.0
1.0
0.0666666666666666
0.0666666666666666
0.0
1.0
0.0
1.0
0.0
1.0
0.0
1.0
0.0
0.0
0.0
