NaN
0.5
0.1
0.0476190476190477
0.5
0.166666666666667
0.166666666666667
0.5
1.0
0.0769230769230769
1.0
1.0
0.0
0.0
0.0
0.0769230769230769
0.0769230769230769
0.0
0.0
0.0
0.4
0.4
0.4
0.2
0.153846153846154
0.0
0.0
0.0
0.153846153846154
0.0
0.153846153846154
0.0
0.153846153846154
0.153846153846154
0.4
0.0
0.153846153846154
0.0
0.2
0.0
0.0
0.0
0.153846153846154
0.0
0.666666666666667
0.153846153846154
0.0
0.153846153846154
0.0
0.0
0.0
0.0
0.0
0.0
0.0
0.0
0.0769230769230769
0.0
0.0
0.0
0.0
0.0
0.0769230769230769
0.4
0.0
0.0
0.0
0.0769230769230769
0.0
0.0
0.0
0.0
0.0
0.4
0.0
0.0
0.0
0.0
0.0769230769230769
0.0
0.0
0.0769230769230769
0.4
0.0
0.0
0.4
0.0
0.0
0.0
