NaN
1.0
0.125
0.0714285714285714
0.125
1.0
0.142857142857143
1.0
1.0
0.333333333333333
1.0
0.333333333333333
0.0
0.333333333333333
0.0
0.75
0.5
0.0
0.0
0.333333333333333
1.0
1.0
1.0
1.0
0.25
0.0
1.0
0.0
0.25
1.0
0.25
1.0
0.25
0.25
0.5
1.0
0.0
0.0
0.5
0.0
1.0
1.0
0.25
1.0
1.0
0.0
1.0
0.25
0.0
1.0
1.0
1.0
1.0
0.0
0.0
0.333333333333333
0.333333333333333
0.333333333333333
1.0
0.0
1.0
0.0
0.5
1.0
0.0
0.0
0.0
0.5
0.0
0.0
0.0
0.0
0.333333333333333
1.0
0.0
0.0
0.333333333333333
0.0
0.5
0.0
0.0
0.333333333333333
1.0
0.0
0.333333333333333
1.0
0.0
0.0
0.0
