NaN
0.5
0.125
0.0625
0.5
0.142857142857143
1.0
1.0
1.0
0.5
0.5
0.0
0.0
0.0
0.0
0.0952380952380952
0.0476190476190477
0.0
0.0
0.0
0.0
0.0
0.0
0.0
0.0476190476190477
0.0
0.0
0.0
0.0476190476190477
0.0
0.0476190476190477
0.0
0.0476190476190477
0.0476190476190477
0.0
0.0
0.0
0.0
0.0
0.0
0.0
0.0
0.0476190476190477
0.0
0.666666666666667
0.0
0.0
0.0476190476190477
0.0
0.0
0.0
0.0
0.0
0.0
0.0
0.0
0.0
0.0
0.0
0.0
0.0
0.0
0.0476190476190477
0.0
0.0
0.0
0.0
0.0476190476190477
0.0
0.0
0.0
0.0
0.0
0.0
0.0
0.0
0.0
0.0
0.0476190476190477
0.0
0.0
0.0
