NaN
1.0
0.111111111111111
0.0588235294117647
1.0
0.5
0.333333333333333
1.0
1.0
0.333333333333333
1.0
0.333333333333333
1.0
0.0
1.0
0.0
0.0
1.0
1.0
0.0
1.0
1.0
0.0
0.0
0.333333333333333
0.333333333333333
1.0
0.333333333333333
0.333333333333333
1.0
0.333333333333333
1.0
0.333333333333333
0.0
1.0
1.0
0.333333333333333
0.0
1.0
0.0
1.0
1.0
0.333333333333333
1.0
0.0
0.333333333333333
0.0
0.333333333333333
0.333333333333333
1.0
0.0
0.0
0.0
0.0
0.0
0.333333333333333
0.333333333333333
0.333333333333333
0.0
0.0
0.0
0.0
0.333333333333333
0.0
0.0
0.0
0.0
0.333333333333333
0.0
0.0
0.0
0.0
0.333333333333333
0.0
0.0
0.0
0.333333333333333
0.0
0.333333333333333
0.0
0.0
0.333333333333333
0.0
0.0
0.333333333333333
0.0
0.0
0.0
