HEURISTIC ELAPSED TIME: 3902.215
Parameters:
verbose => false
logfile => 
source => http://localhost:8890/sparql?default-graph-uri=http://nytimes.org
target => http://localhost:8898/sparql?default-graph-uri=http://geonames.org
class =>  <http://data.nytimes.com/elements/nytd_geo> 
append => a
format => txt
chunk => 150
topk => 0
offset => 0
stringthreshold => 0.7
usepivot => true
blocking => true
transitionupdate => false
globalrecall => true
aligner => HierarchicalClusterAligner
ranker => TimeBasedTransitionRanking
selector => DecisionTreeSelectionAlgorithm
searcher => BranchAndBound
learningpercent => 0.2
transitionfailurerate => 1.0
qconly => false
$shuffle
true
$orderbyclause

$orderby

LATEX & 6.26 & 78.2 & 11.6  & 15 & 5.13   & 3921.45
PAIR COMPLETENESS: 0.782001117942985
RECALL: 0.612073784237004
PRECISON: 0.0789359861591695
FMEASURE: 0.139837813677288
FOUND INSTANCES: 1765
NUMBER QUERIES: 9843
RATIO NUMBER QUERIES / INSTANCES: 5.1265625
RATIO QUERIES/POSITIVES: 0.447932540892004
RATIO QUERIES/NEGATIVES: 0.552067459107995
NUMBER HOMONYMS: 28175
RATIO HOMONYMS/INSTANCES: 15.9631728045326
INSTANCES / HOMONYMS RATIO: 0.0626441881100266
SORTED LIST OF HOMONYMS: 1	1	1	1	1	1	1	1	1	1	1	1	1	1	1	1	1	1	1	1	1	1	1	1	1	1	1	1	1	1	1	1	1	1	1	1	1	1	1	1	1	1	1	1	1	1	1	1	1	1	1	1	1	1	1	1	1	1	1	1	1	1	1	1	1	1	1	1	1	1	1	1	1	1	1	1	1	1	1	1	1	1	1	1	1	1	1	1	1	1	1	1	1	1	1	1	1	1	1	1	1	1	1	1	1	1	1	1	1	1	1	1	1	1	1	1	1	1	1	1	1	1	1	1	1	1	1	1	1	1	1	1	1	1	1	1	1	1	1	1	1	1	1	1	1	1	1	1	1	1	1	1	1	1	1	1	1	1	1	1	1	1	1	1	1	1	1	1	1	1	1	1	1	1	1	1	1	1	1	1	1	1	1	1	1	1	1	1	1	1	1	1	1	1	1	1	1	1	1	1	1	1	1	1	1	1	1	1	1	1	1	1	1	1	1	1	1	1	1	1	1	1	1	1	1	1	1	1	1	1	1	1	1	1	1	1	1	1	1	1	1	1	1	1	1	1	1	1	1	1	1	1	1	1	1	1	1	1	1	1	1	1	1	1	1	1	1	1	1	1	1	1	1	1	1	1	1	1	1	1	1	1	1	1	1	1	1	1	1	1	1	1	1	1	1	1	1	1	1	1	1	1	1	1	1	1	1	1	1	1	1	1	1	1	1	1	1	1	1	1	1	1	1	1	1	1	1	1	1	1	1	1	1	1	1	2	2	2	2	2	2	2	2	2	2	2	2	2	2	2	2	2	2	2	2	2	2	2	2	2	2	2	2	2	2	2	2	2	2	2	2	2	2	2	2	2	2	2	2	2	2	2	2	2	2	2	2	2	2	2	2	2	2	2	2	2	2	2	2	2	2	2	2	2	2	2	2	2	2	2	2	2	2	2	2	2	2	2	2	2	2	2	2	2	2	2	2	2	2	2	2	2	2	2	2	2	2	2	2	2	2	2	2	2	2	2	2	2	2	2	2	2	2	2	2	2	2	2	2	2	2	2	2	2	2	2	2	2	2	2	2	2	2	2	2	2	2	2	2	2	2	2	2	2	2	2	2	2	2	2	2	2	2	2	2	2	2	2	2	2	2	2	2	2	2	2	2	2	2	2	2	2	2	2	2	2	2	2	2	2	2	2	2	2	2	3	3	3	3	3	3	3	3	3	3	3	3	3	3	3	3	3	3	3	3	3	3	3	3	3	3	3	3	3	3	3	3	3	3	3	3	3	3	3	3	3	3	3	3	3	3	3	3	3	3	3	3	3	3	3	3	3	3	3	3	3	3	3	3	3	3	3	3	3	3	3	3	3	3	3	3	3	3	3	3	3	3	3	3	3	3	3	3	3	3	3	3	3	3	3	3	3	3	3	3	3	3	3	3	3	3	3	3	3	3	3	3	3	3	3	3	3	3	3	3	3	3	3	3	4	4	4	4	4	4	4	4	4	4	4	4	4	4	4	4	4	4	4	4	4	4	4	4	4	4	4	4	4	4	4	4	4	4	4	4	4	4	4	4	4	4	4	4	4	4	4	4	4	4	4	4	4	4	4	4	4	4	4	4	4	4	4	4	4	4	4	4	4	4	4	4	4	4	4	4	4	4	4	4	4	4	4	4	4	4	5	5	5	5	5	5	5	5	5	5	5	5	5	5	5	5	5	5	5	5	5	5	5	5	5	5	5	5	5	5	5	5	5	5	5	5	5	5	5	5	5	5	5	5	5	5	5	5	5	5	5	5	5	5	5	5	5	5	5	5	5	5	5	5	5	6	6	6	6	6	6	6	6	6	6	6	6	6	6	6	6	6	6	6	6	6	6	6	6	6	6	6	6	6	6	6	6	6	6	6	6	6	6	6	6	6	6	6	6	6	6	6	6	6	6	6	6	6	6	6	6	6	6	6	6	6	7	7	7	7	7	7	7	7	7	7	7	7	7	7	7	7	7	7	7	7	7	7	7	7	7	7	7	7	7	7	7	7	7	7	7	7	7	7	7	7	7	7	8	8	8	8	8	8	8	8	8	8	8	8	8	8	8	8	8	8	8	8	8	8	8	8	8	8	8	8	8	8	8	8	8	8	8	8	8	8	8	8	8	8	8	8	8	8	8	8	8	9	9	9	9	9	9	9	9	9	9	9	9	9	9	9	9	9	9	9	9	9	9	9	9	9	9	9	9	9	9	9	9	9	9	9	9	9	9	9	9	9	9	9	10	10	10	10	10	10	10	10	10	10	10	10	10	10	10	10	10	10	10	10	10	10	10	10	10	10	10	10	10	10	11	11	11	11	11	11	11	11	11	11	11	11	11	11	11	11	11	11	11	11	11	11	11	11	11	11	11	11	11	11	11	11	11	11	12	12	12	12	12	12	12	12	12	12	12	12	12	12	12	12	13	13	13	13	13	13	13	13	13	13	13	13	13	13	13	13	13	14	14	14	14	14	14	14	14	14	14	14	14	14	14	14	14	14	14	14	14	14	14	15	15	15	15	15	15	15	15	15	15	15	15	15	16	16	16	16	16	16	16	16	16	17	17	17	17	17	17	17	17	17	17	17	18	18	18	18	18	18	18	18	18	18	18	18	18	18	18	18	19	19	19	19	19	19	19	19	19	20	20	20	20	20	20	20	20	20	20	21	21	21	21	21	21	21	21	21	21	21	21	21	21	21	21	21	21	21	21	22	22	22	22	22	22	22	22	22	22	22	22	23	23	23	23	23	23	23	23	23	23	23	23	23	24	24	24	24	24	24	24	24	24	24	24	25	25	25	25	25	25	25	25	25	26	26	26	26	26	26	26	26	26	27	27	27	27	27	27	27	27	27	27	27	27	27	28	28	28	28	28	28	29	29	29	29	29	29	29	30	30	30	30	30	30	30	30	30	30	30	30	30	30	30	30	30	30	30	30	30	30	30	30	30	30	30	30	30	30	30	30	30	30	30	30	30	30	30	30	30	30	30	30	30	30	30	30	30	30	30	30	30	30	30	30	30	30	30	30	30	30	30	30	30	30	30	30	30	30	30	30	30	30	30	30	30	30	30	30	30	30	30	30	30	30	30	30	30	30	30	30	30	30	30	30	30	30	30	30	30	30	30	30	30	30	30	30	30	30	30	30	30	30	30	30	30	30	30	30	30	30	30	30	30	30	30	30	30	30	30	30	30	30	30	30	30	30	30	30	31	31	31	31	31	31	31	31	31	31	31	31	31	31	31	31	31	31	31	31	31	31	31	31	31	31	31	31	31	31	31	31	31	31	31	31	31	31	31	31	31	31	31	31	31	31	31	31	31	31	31	31	31	31	31	31	31	31	31	31	31	31	31	31	31	31	31	31	31	31	31	31	31	31	31	31	31	31	31	31	31	31	31	31	31	31	31	31	31	31	31	31	31	31	31	31	31	31	31	31	31	31	31	31	31	31	31	31	31	31	31	31	31	31	31	31	31	31	31	31	31	31	31	31	31	32	32	32	32	32	32	32	32	32	32	32	32	32	32	32	32	32	32	32	32	32	32	32	32	32	32	32	32	32	32	32	32	32	32	32	32	32	32	32	32	32	32	32	32	32	32	32	32	32	32	32	32	32	32	32	32	32	32	32	32	32	33	33	33	33	33	33	33	33	33	33	33	33	33	33	33	33	33	33	33	33	33	33	33	33	33	33	33	33	34	34	34	34	34	34	34	34	34	34	34	34	34	34	34	34	34	34	34	34	34	34	34	34	34	34	35	35	35	35	35	35	35	35	35	35	35	35	35	35	36	36	36	36	36	36	36	36	36	37	37	37	37	37	37	37	37	37	37	37	37	37	38	38	38	38	38	38	38	39	39	39	39	39	39	39	39	39	39	39	39	39	40	40	40	40	40	40	40	40	40	41	41	41	41	41	41	41	41	41	41	42	42	42	43	43	43	43	43	43	43	44	44	46	46	47	47	47	47	48	48	48	50	50	51	51	52	52	53	53	53	54	55	56	57	59	60	60	60	60	60	60	60	60	60	60	60	60	60	60	60	60	60	60	60	60	61	61	61	61	61	61	61	62	62	62	63	63	63	64	64	64	65	65	65	66	66	67	67	67	68	68	69	69	69	69	75	76	76	78	85	90
LIST OF HOMONYMS: 24	2	31	4	30	8	47	30	30	15	2	8	3	24	38	32	31	4	85	67	4	4	11	9	18	2	3	5	3	10	2	22	52	1	9	2	3	57	2	18	3	19	2	1	9	2	2	4	1	5	31	8	1	29	1	3	5	8	60	6	3	28	8	11	1	20	1	1	9	3	6	20	1	14	62	7	21	2	2	18	8	12	32	18	1	3	2	69	30	1	3	3	10	2	65	31	3	11	4	2	4	1	67	66	66	1	1	2	11	3	4	1	11	1	43	4	6	1	1	2	2	30	32	1	61	78	1	2	30	1	14	9	12	1	17	4	7	60	5	1	1	9	40	2	63	31	1	9	68	3	28	4	2	11	2	3	9	5	4	68	1	20	76	3	42	30	10	32	30	1	12	63	39	1	9	6	18	31	3	62	25	5	31	67	2	1	30	4	1	1	14	2	3	25	14	2	1	3	31	22	15	15	1	64	6	2	14	5	63	60	76	38	4	1	1	1	8	6	1	47	1	61	64	2	4	14	62	25	41	61	29	31	1	29	8	90	2	2	31	7	75	4	2	31	27	5	1	22	2	8	1	61	9	31	30	32	13	7	3	21	14	18	1	7	2	21	65	10	12	69	2	1	5	7	1	3	5	14	12	4	13	30	23	1	28	30	1	24	10	1	34	14	3	2	31	20	64	30	1	24	1	1	16	61	30	2	32	1	65	4	9	5	1	31	3	6	29	30	3	23	44	8	5	1	5	31	34	2	17	9	6	2	21	61	15	1	11	2	61	30	30	30	69	6	2	69	2	2	10	1	27	60	32	60	3	30	6	6	4	10	8	3	4	9	2	37	30	2	1	3	12	32	21	32	1	30	11	26	1	1	31	2	34	2	60	1	30	31	32	31	6	33	6	21	2	30	1	17	31	2	1	35	20	1	4	30	42	33	3	30	8	20	1	2	30	3	2	4	4	30	6	7	2	3	6	6	2	30	10	2	1	40	36	17	25	6	1	35	3	2	19	5	30	1	2	18	31	13	6	21	32	1	1	7	1	2	32	6	31	2	7	30	30	30	1	3	1	7	3	3	11	40	6	12	31	4	33	6	4	1	31	6	11	1	4	2	22	3	31	11	22	14	31	2	31	31	1	31	3	5	30	11	1	24	10	31	2	6	30	2	4	8	5	23	8	31	31	1	1	1	31	1	19	1	7	2	4	1	1	30	9	8	2	1	1	32	1	23	13	6	3	9	1	2	31	2	46	31	32	1	5	43	32	3	1	31	1	30	11	22	31	1	1	2	1	16	2	1	2	31	5	30	10	17	1	1	27	6	4	1	23	32	30	1	1	3	1	5	30	31	31	7	20	31	1	2	15	4	30	3	1	4	16	1	1	1	9	3	18	2	1	1	6	31	9	10	31	1	2	2	41	3	4	7	13	1	34	1	2	1	3	2	30	1	31	26	19	37	34	11	3	31	25	32	33	1	31	5	33	13	21	13	5	2	40	2	2	26	1	30	32	32	2	1	37	3	8	31	9	2	2	22	53	33	11	3	32	4	31	30	4	30	41	32	34	1	1	1	30	31	13	2	31	18	1	34	27	8	3	1	2	11	2	60	4	10	1	30	30	7	2	32	2	60	1	8	1	39	13	2	30	32	15	5	3	8	32	30	31	31	16	2	24	41	1	5	4	1	33	4	1	3	46	29	15	8	6	31	11	60	2	1	5	3	2	3	1	1	1	1	23	12	31	10	2	1	1	1	4	1	14	2	6	35	2	7	1	25	1	30	60	1	34	11	3	3	2	31	30	51	1	1	2	1	42	1	37	23	32	8	6	31	25	3	9	6	6	17	30	31	18	2	18	8	2	2	2	13	6	2	31	39	35	34	2	31	26	5	5	32	2	6	32	9	1	7	30	19	2	11	3	37	7	3	30	30	13	20	1	11	1	35	40	16	1	1	9	4	1	34	30	33	31	31	7	30	5	1	1	36	29	7	30	31	5	31	1	15	31	1	32	30	12	24	10	33	1	31	3	6	31	9	31	35	10	30	30	21	16	30	32	8	33	31	39	9	1	4	4	14	1	1	1	1	1	9	1	31	3	3	24	19	9	1	6	2	18	10	32	4	32	3	1	5	31	3	60	34	3	5	9	31	56	1	2	3	59	2	1	30	30	3	30	1	30	14	1	2	35	2	6	2	6	7	11	30	3	34	2	31	35	33	30	5	26	1	30	2	1	21	40	33	30	3	33	14	5	1	39	1	2	36	16	2	31	2	5	2	5	37	30	9	30	7	6	5	35	3	1	30	11	2	38	35	7	30	4	9	14	31	2	7	30	2	6	2	2	31	3	36	30	34	1	6	31	1	5	3	37	30	15	2	30	60	2	39	32	31	14	30	2	8	3	1	31	7	1	34	2	31	2	2	1	55	32	1	1	1	1	1	1	5	60	41	31	30	50	22	36	31	31	38	9	6	1	33	23	3	2	8	10	32	1	37	4	32	4	8	4	16	19	8	1	44	18	60	48	4	6	4	30	28	30	4	2	8	39	31	4	32	19	30	30	34	1	2	10	31	2	27	43	17	30	1	7	7	2	32	1	30	36	7	2	2	31	31	1	1	1	31	2	34	4	1	10	1	32	3	21	12	51	1	17	27	8	1	6	6	6	5	34	14	33	24	3	4	5	1	1	2	32	30	30	3	10	34	31	13	4	1	3	43	14	21	10	41	53	2	2	16	1	8	1	9	34	5	37	37	31	21	1	30	1	4	43	2	1	3	15	4	8	1	1	1	1	1	1	1	3	26	31	2	1	1	11	34	32	6	1	8	4	1	21	7	1	1	2	31	35	8	12	1	30	3	30	60	1	2	8	15	41	3	36	2	8	23	8	2	32	2	37	33	2	2	33	4	27	35	1	32	27	33	32	30	1	4	31	7	1	1	2	31	10	30	30	13	12	21	30	9	4	23	2	30	1	1	6	1	30	10	2	3	31	39	8	5	10	22	9	2	34	7	1	2	1	9	1	2	30	12	20	2	1	32	2	10	14	33	1	30	40	2	1	9	7	38	30	2	32	32	8	3	4	3	7	9	34	7	4	2	30	30	6	1	30	3	9	33	27	21	1	22	32	11	31	3	5	1	1	1	1	1	1	1	1	1	4	25	30	31	11	28	2	31	38	4	3	4	11	39	47	34	8	2	1	2	6	3	31	9	1	1	33	2	52	39	3	21	1	1	8	2	6	30	1	47	2	4	32	2	2	3	8	7	10	26	31	1	1	30	2	60	3	1	31	18	4	30	30	31	37	31	1	32	1	31	1	4	30	27	10	31	1	1	2	34	12	30	31	39	35	13	21	1	1	3	32	1	6	30	1	2	5	34	7	41	4	3	17	3	8	1	4	5	33	1	1	1	1	9	2	32	6	25	5	5	1	31	2	32	17	30	3	8	1	1	2	1	3	8	36	32	4	54	60	1	30	22	33	31	31	5	4	6	11	3	1	1	1	1	1	1	1	1	2	2	30	6	7	9	5	1	1	1	7	6	30	9	3	4	60	30	5	2	3	43	2	9	34	3	4	7	6	5	30	3	32	30	3	5	15	1	3	21	31	30	31	1	24	11	5	30	3	30	4	8	1	3	4	30	2	14	1	3	8	3	1	6	48	60	6	35	53	30	17	5	5	2	33	11	38	3	7	1	40	1	3	3	3	1	14	30	5	1	30	3	1	4	18	28	1	31	3	5	33	31	1	33	4	2	8	60	31	32	1	20	4	10	31	7	31	43	48	10	9	10	27	5	30	30	40	3	3	2	1	1	1	9	3	2	31	30	1	19	37	30	3	5	3	3	31	33	1	27	1	1	1	1	1	1	1	1	1	2	31	31	4	3	5	11	4	30	1	1	1	6	30	39	30	4	6	11	12	36	50	1	15	4	31	33	30	4	13	2	31	2	4	5	1	32	3	31	30	8	41	2	2	1	1	2	1	5	30	26	39	31	1	1	1	30	23	21	22	5	1	41	1	8	31	32	3	23	30	3	23	1	32	11	3	4	27	7	24	32	31	31	2	2	11	12	29	2	1	2	14	2	2	3	18	30	32	7	1	13	11	30	2	6	30	32	5	1	5	26	3	13	4	5	1	1	1	1	1	1	1	1	1	1
ELAPSED TIME S: 3921.459
ELAPSED TIME M: 65.35765
