HEURISTIC ELAPSED TIME: 702.678
Parameters:
verbose => false
logfile => 
source => http://localhost:8890/sparql?default-graph-uri=http://nytimes.org
target => http://localhost:8898/sparql?default-graph-uri=http://geonames.org
class =>  <http://data.nytimes.com/elements/nytd_geo> 
append => a
format => txt
chunk => 150
topk => 0
offset => 0
stringthreshold => 0.7
usepivot => true
blocking => true
transitionupdate => false
globalrecall => true
aligner => HierarchicalClusterAligner
ranker => TimeBasedTransitionRanking
selector => DecisionTreeSelectionAlgorithm
searcher => Baseline
learningpercent => 0.2
transitionfailurerate => 1.0
qconly => false
$shuffle
true
$orderbyclause

$orderby

LATEX & 17.25 & 23.53 & 19.91  & 3 & 3.0   & 719.24
PAIR COMPLETENESS: 0.235326998323085
RECALL: 0.193404136389044
PRECISON: 0.198736358414704
FMEASURE: 0.196033994334278
FOUND INSTANCES: 697
NUMBER QUERIES: 5760
RATIO NUMBER QUERIES / INSTANCES: 3.0
RATIO QUERIES/POSITIVES: 0.121006944444444
RATIO QUERIES/NEGATIVES: 0.878993055555555
NUMBER HOMONYMS: 4041
RATIO HOMONYMS/INSTANCES: 5.79770444763271
INSTANCES / HOMONYMS RATIO: 0.172482058896313
SORTED LIST OF HOMONYMS: 1	1	1	1	1	1	1	1	1	1	1	1	1	1	1	1	1	1	1	1	1	1	1	1	1	1	1	1	1	1	1	1	1	1	1	1	1	1	1	1	1	1	1	1	1	1	1	1	1	1	1	1	1	1	1	1	1	1	1	1	1	1	1	1	1	1	1	1	1	1	1	1	1	1	1	1	1	1	1	1	1	1	1	1	1	1	1	1	1	1	1	1	1	1	1	1	1	1	1	1	1	1	1	1	1	1	1	1	1	1	1	1	1	1	1	1	1	1	1	1	1	1	1	1	1	1	1	1	1	1	1	1	1	1	1	1	1	1	1	1	1	1	1	1	1	1	1	1	1	1	1	1	1	1	1	1	1	1	1	1	1	1	1	1	1	1	1	1	1	1	1	1	1	1	1	1	1	1	1	1	1	1	1	1	1	1	1	1	1	1	1	1	1	1	1	1	1	1	1	1	1	1	1	1	1	1	1	1	1	1	1	1	1	1	1	1	1	1	1	1	1	2	2	2	2	2	2	2	2	2	2	2	2	2	2	2	2	2	2	2	2	2	2	2	2	2	2	2	2	2	2	2	2	2	2	2	2	2	2	2	2	2	2	2	2	2	2	2	2	2	2	2	2	2	2	2	2	2	2	2	2	2	2	2	2	2	2	2	2	2	2	2	2	2	2	2	2	2	2	2	2	2	2	2	2	2	2	2	2	2	2	2	2	2	2	2	2	2	2	2	2	2	2	2	2	2	2	2	2	2	2	2	2	2	2	2	2	2	2	2	3	3	3	3	3	3	3	3	3	3	3	3	3	3	3	3	3	3	3	3	3	3	3	3	3	3	3	3	3	3	3	3	3	3	3	3	3	3	3	3	3	3	3	3	3	3	3	3	3	3	3	3	3	3	3	3	3	3	3	3	3	3	3	3	3	3	3	3	3	3	3	3	3	3	3	3	3	3	3	3	3	3	4	4	4	4	4	4	4	4	4	4	4	4	4	4	4	4	4	4	4	4	4	4	4	4	4	4	4	4	4	4	4	4	4	4	4	4	4	4	4	4	4	4	4	4	4	4	4	5	5	5	5	5	5	5	5	5	5	5	5	5	5	5	5	5	5	5	5	5	5	5	5	5	5	5	5	5	5	5	5	5	5	5	5	5	5	6	6	6	6	6	6	6	6	6	6	6	6	6	6	6	6	6	6	6	6	6	6	6	6	6	6	6	6	6	6	6	6	6	6	6	6	6	6	6	6	6	6	6	7	7	7	7	7	7	7	7	7	7	7	7	7	7	7	7	7	7	7	7	7	7	7	7	7	7	7	7	7	7	7	7	8	8	8	8	8	8	8	8	8	8	8	8	8	8	8	8	8	8	8	8	8	8	8	8	8	8	8	8	8	8	9	9	9	9	9	9	9	9	9	9	9	9	9	9	9	9	9	9	9	9	9	9	9	9	9	9	9	9	9	9	9	9	10	10	10	10	10	10	10	10	10	10	10	10	10	10	10	10	10	10	11	11	11	11	11	11	11	11	11	11	11	11	11	11	11	11	11	11	11	11	11	11	11	11	12	12	12	12	12	12	12	12	12	12	12	12	12	12	12	12	12	12	12	12	13	13	13	13	13	13	13	13	13	13	13	13	13	13	13	13	13	14	14	14	14	14	14	14	14	14	14	14	15	15	15	15	15	15	15	15	16	16	16	17	17	17	17	18	18	18	19	20	20	20	21	21	22	22	22	22	23	23	23	23	23	23	23	23	24	24	25	26	26	26	27	28
LIST OF HOMONYMS: 8	12	2	3	8	25	4	7	3	9	2	3	9	1	3	5	1	1	1	3	2	6	1	4	5	8	3	6	11	5	3	20	3	6	2	11	3	5	5	3	8	7	1	3	1	10	12	1	5	2	1	14	9	4	1	1	9	12	3	2	8	3	15	2	7	1	16	9	11	3	1	1	6	2	11	4	1	1	2	3	4	15	2	6	6	14	16	9	6	15	1	1	2	4	2	5	5	7	1	20	15	21	5	1	2	10	9	13	3	2	5	12	11	2	6	1	1	22	24	9	5	14	4	4	2	1	2	2	9	1	7	4	12	9	7	23	2	15	1	10	2	17	9	2	1	3	5	6	14	2	1	7	26	3	4	11	2	6	1	2	5	14	13	4	1	1	1	2	3	12	14	10	10	6	23	2	6	3	1	1	2	5	3	3	2	6	1	11	4	2	8	12	4	1	3	12	5	3	10	1	2	9	8	1	1	1	6	22	6	1	1	1	1	1	13	6	1	1	2	1	18	1	1	1	3	9	13	2	1	1	3	2	2	1	5	2	1	4	23	2	3	5	3	1	4	3	1	1	3	9	4	1	2	1	2	8	7	4	7	1	3	3	2	6	2	3	1	7	1	7	1	9	8	2	2	23	1	1	1	1	1	11	2	12	1	2	2	3	2	2	1	1	8	2	2	8	2	1	11	1	3	1	3	2	11	12	1	5	3	23	2	11	1	13	5	1	1	4	4	2	1	21	12	2	1	6	5	8	2	1	13	10	1	1	1	1	1	1	2	26	2	2	6	2	6	7	13	10	1	5	7	1	2	1	5	1	1	1	1	13	1	1	3	5	13	1	2	3	9	8	2	2	3	5	2	7	9	3	2	2	1	3	6	3	5	7	2	1	2	3	7	11	1	1	1	1	1	1	1	1	11	4	1	1	3	1	8	1	12	3	14	7	13	1	9	1	7	1	5	3	13	14	1	1	7	3	6	6	7	9	4	1	9	1	2	1	2	4	2	4	2	11	1	6	12	10	1	5	1	3	4	9	2	8	3	17	1	1	1	1	1	1	1	1	1	4	26	4	8	9	4	13	19	1	5	3	2	2	8	2	1	3	2	4	2	1	2	2	12	1	5	3	6	5	6	4	14	3	4	2	4	13	15	2	4	10	7	7	3	8	2	4	2	6	8	1	1	7	1	1	1	1	1	1	1	1	1	1	8	15	6	2	7	3	3	4	2	5	27	3	7	7	2	2	10	14	8	2	1	11	5	12	2	2	10	1	6	2	2	11	2	1	9	2	2	7	4	4	10	1	2	3	11	22	1	9	10	5	4	10	1	1	1	1	1	1	1	1	1	1	4	2	6	2	22	9	8	9	1	2	2	2	6	16	1	2	2	3	1	10	2	4	12	15	1	9	5	13	2	1	6	8	4	13	3	2	1	6	1	17	1	3	8	6	2	6	3	3	11	2	3	7	1	1	1	1	1	1	1	1	1	1	1	1	6	9	6	13	5	4	6	3	2	3	2	13	1	24	4	2	1	3	2	12	3	8	1	6	23	17	4	5	2	8	12	4	1	5	14	28	1	3	7	23	1	4	8	7	18	10	5	11	2	3	2	1	9	1	6	8	11	4	1	1	8	1	1	1	1	1	1	1	1	1	1	1	1	4	3	3	8	3	3	6	9	12	20	9	2	7	2	1	11	7	11	6	3	1	9	3	18	3	1	23	2	3	3	1	3	1	10	11	1	12	1	11	3	6	1	1	1	1	1	1	1	1	1	1
ELAPSED TIME S: 719.242
ELAPSED TIME M: 11.9873666666667
