HEURISTIC ELAPSED TIME: 3482.79
Parameters:
verbose => false
logfile => 
source => http://localhost:8890/sparql?default-graph-uri=http://nytimes.org
target => http://lod.openlinksw.com/sparql?default-graph-uri=http://dbpedia.org
class =>  <http://data.nytimes.com/elements/nytd_org> 
append => a
format => txt
chunk => 150
topk => 0
offset => 0
stringthreshold => 0.7
usepivot => true
blocking => true
transitionupdate => false
globalrecall => true
aligner => HierarchicalClusterAligner
ranker => TimeBasedTransitionRanking
selector => DecisionTreeSelectionAlgorithm
searcher => BranchAndBound
learningpercent => 0.1
transitionfailurerate => 1.0
qconly => false
$shuffle
true
$orderbyclause

$orderby

LATEX & 30.82 & 0.0 & 0.0  & 5 & 2.2   & 3501.43
PAIR COMPLETENESS: 0.0
RECALL: 0.0
PRECISON: NaN
FMEASURE: 0.0
FOUND INSTANCES: 2244
NUMBER QUERIES: 6692
RATIO NUMBER QUERIES / INSTANCES: 2.19842312746386
RATIO QUERIES/POSITIVES: 0.537955768081291
RATIO QUERIES/NEGATIVES: 0.462044231918709
NUMBER HOMONYMS: 7280
RATIO HOMONYMS/INSTANCES: 3.24420677361854
INSTANCES / HOMONYMS RATIO: 0.308241758241758
SORTED LIST OF HOMONYMS: 1	1	1	1	1	1	1	1	1	1	1	1	1	1	1	1	1	1	1	1	1	1	1	1	1	1	1	1	1	1	1	1	1	1	1	1	1	1	1	1	1	1	1	1	1	1	1	1	1	1	1	1	1	1	1	1	1	1	1	1	1	1	1	1	1	1	1	1	1	1	1	1	1	1	1	1	1	1	1	1	1	1	1	1	1	1	1	1	1	1	1	1	1	1	1	1	1	1	1	1	1	1	1	1	1	1	1	1	1	1	1	1	1	1	1	1	1	1	1	1	1	1	1	1	1	1	1	1	1	1	1	1	1	1	1	1	1	1	1	1	1	1	1	1	1	1	1	1	1	1	1	1	1	1	1	1	1	1	1	1	1	1	1	1	1	1	1	1	1	1	1	1	1	1	1	1	1	1	1	1	1	1	1	1	1	1	1	1	1	1	1	1	1	1	1	1	1	1	1	1	1	1	1	1	1	1	1	1	1	1	1	1	1	1	1	1	1	1	1	1	1	1	1	1	1	1	1	1	1	1	1	1	1	1	1	1	1	1	1	1	1	1	1	1	1	1	1	1	1	1	1	1	1	1	1	1	1	1	1	1	1	1	1	1	1	1	1	1	1	1	1	1	1	1	1	1	1	1	1	1	1	1	1	1	1	1	1	1	1	1	1	1	1	1	1	1	1	1	1	1	1	1	1	1	1	1	1	1	1	1	1	1	1	1	1	1	1	1	1	1	1	1	1	1	1	1	1	1	1	1	1	1	1	1	1	1	1	1	1	1	1	1	1	1	1	1	1	1	1	1	1	1	1	1	1	1	1	1	1	1	1	1	1	1	1	1	1	1	1	1	1	1	1	1	1	1	1	1	1	1	1	1	1	1	1	1	1	1	1	1	1	1	1	1	1	1	1	1	1	1	1	1	1	1	1	1	1	1	1	1	1	1	1	1	1	1	1	1	1	1	1	1	1	1	1	1	1	1	1	1	1	1	1	1	1	1	1	1	2	2	2	2	2	2	2	2	2	2	2	2	2	2	2	2	2	2	2	2	2	2	2	2	2	2	2	2	2	2	2	2	2	2	2	2	2	2	2	2	2	2	2	2	2	2	2	2	2	2	2	2	2	2	2	2	2	2	2	2	2	2	2	2	2	2	2	2	2	2	2	2	2	2	2	2	2	2	2	2	2	2	2	2	2	2	2	2	2	2	2	2	2	2	2	2	2	2	2	2	2	2	2	2	2	2	2	2	2	2	2	2	2	2	2	2	2	2	2	2	2	2	2	2	2	2	2	2	2	2	2	2	2	2	2	2	2	2	2	2	2	2	2	2	2	2	2	2	2	2	2	2	2	2	2	2	2	2	2	2	2	2	2	2	2	2	2	2	2	2	2	2	2	2	2	2	2	2	2	2	2	2	2	2	2	2	2	2	2	2	2	2	2	2	2	2	2	2	2	2	2	2	2	2	2	2	2	2	2	2	2	2	2	2	2	2	2	2	2	2	2	2	2	2	2	2	2	2	2	2	2	2	2	2	2	2	2	2	2	2	2	2	2	2	2	2	2	2	2	2	2	2	2	2	2	2	2	2	2	2	2	2	2	2	2	2	2	2	2	2	2	2	2	2	2	2	2	2	2	2	2	2	2	2	2	2	2	2	2	2	2	2	2	2	2	2	2	2	2	2	2	2	2	2	2	2	2	2	2	2	2	2	2	2	2	2	2	2	2	2	2	2	2	2	2	2	2	2	2	2	2	2	2	2	2	2	2	2	2	2	2	2	2	2	2	2	2	2	2	2	2	2	2	2	2	2	2	2	2	2	2	2	2	2	2	2	2	2	2	2	2	2	2	2	2	2	2	2	2	2	2	2	2	2	2	2	2	2	2	2	2	2	2	2	2	2	2	2	2	2	2	2	2	2	2	2	2	2	2	2	2	2	2	2	2	2	2	2	2	2	2	2	2	2	2	2	2	2	2	2	2	2	2	2	2	2	2	2	2	2	2	2	2	2	2	2	2	2	2	2	2	2	2	2	2	2	2	2	2	2	2	2	2	2	2	2	2	2	2	2	2	2	2	2	2	2	2	2	2	2	2	2	2	2	2	2	2	2	2	2	2	2	2	2	2	2	2	2	2	2	2	2	2	2	2	2	2	2	2	2	2	2	2	2	2	2	2	2	2	2	2	2	2	2	2	2	2	2	2	2	2	2	2	2	2	2	2	2	2	2	2	2	2	2	2	2	2	2	2	2	2	2	2	2	2	2	2	2	2	2	2	2	2	2	2	2	2	2	2	2	2	2	2	2	2	2	2	2	2	2	2	2	2	2	2	2	2	2	2	2	2	2	2	2	2	2	2	2	2	2	2	2	2	2	2	2	2	2	2	2	2	2	2	2	2	2	2	2	2	2	2	2	2	2	2	2	2	2	2	2	2	2	2	2	2	2	2	2	2	2	2	2	2	2	2	2	2	2	2	2	2	2	2	2	2	2	2	2	2	2	2	2	2	2	2	2	2	2	2	2	2	2	2	2	2	2	2	2	2	2	2	2	2	2	2	2	2	2	2	2	2	2	2	2	2	2	2	2	2	2	2	2	2	2	2	2	2	2	2	2	2	2	2	2	2	2	2	2	2	2	2	2	2	2	2	2	2	2	2	2	2	2	2	2	2	2	2	2	2	2	2	2	2	2	2	2	2	2	2	2	2	2	2	2	2	2	2	2	2	2	2	2	2	2	2	2	2	2	2	2	2	2	2	2	2	2	2	2	2	2	2	2	2	2	2	2	2	2	2	2	2	2	2	2	2	2	2	2	2	2	2	2	2	2	2	2	2	2	2	2	2	2	2	2	2	2	2	2	2	2	2	2	2	2	2	2	2	2	2	2	2	2	2	2	2	2	2	2	2	2	2	2	2	2	2	2	2	2	2	2	2	2	2	2	2	2	2	2	2	2	2	2	2	2	2	2	2	2	2	2	2	2	2	2	2	2	2	2	2	2	2	2	2	2	2	2	2	2	2	2	2	2	2	2	2	2	2	2	2	2	2	2	2	2	2	2	2	2	2	2	2	2	2	2	2	2	2	2	2	2	2	2	2	3	3	3	3	3	3	3	3	3	3	3	3	3	3	3	3	3	3	3	3	3	3	3	3	3	3	3	3	3	3	3	3	3	3	3	3	3	3	3	3	3	3	3	3	3	3	3	3	3	3	3	3	3	3	3	3	3	3	3	3	3	3	3	3	3	3	3	3	3	3	3	3	3	3	3	3	3	3	3	3	3	3	3	3	3	3	3	3	3	3	3	3	3	3	3	3	3	3	3	3	3	3	3	3	3	3	3	3	3	3	3	3	3	3	3	3	3	3	3	3	3	3	3	3	3	3	3	3	3	3	3	3	3	3	3	3	3	3	3	3	3	3	3	3	3	3	3	3	3	3	3	3	3	3	3	3	3	3	3	3	3	3	3	3	3	3	3	3	3	3	3	3	3	3	3	3	3	3	3	3	3	3	3	3	3	3	3	3	3	3	3	3	3	3	3	3	3	3	3	3	3	3	3	3	3	3	3	3	3	3	3	3	3	3	3	3	3	3	3	3	3	3	3	3	3	3	3	3	3	3	3	3	3	3	3	3	3	3	3	3	3	3	3	3	3	3	3	3	3	3	3	3	3	3	3	3	3	3	3	3	3	3	3	3	3	3	3	3	3	3	3	3	3	3	3	3	3	3	3	3	3	3	3	3	3	3	3	3	3	3	3	3	3	3	3	3	3	3	3	3	3	3	3	3	3	3	3	3	3	3	3	3	3	3	3	3	3	3	3	3	3	3	3	3	3	3	3	3	3	3	3	3	3	3	3	3	3	3	3	3	3	3	3	3	3	3	3	3	3	3	3	3	3	3	3	3	3	3	3	3	3	3	3	3	3	3	3	3	3	3	3	3	3	3	3	3	3	3	3	3	3	3	3	3	3	3	3	3	3	3	3	3	3	3	3	3	3	3	3	3	3	3	3	3	3	3	3	3	3	3	3	3	3	3	3	3	3	3	3	3	3	3	3	3	3	3	3	3	3	3	3	3	3	3	3	3	3	3	3	3	3	3	3	3	3	3	3	3	3	3	3	3	3	3	3	3	3	3	3	3	3	3	3	3	3	3	3	3	3	3	3	3	3	3	3	3	3	3	3	3	3	4	4	4	4	4	4	4	4	4	4	4	4	4	4	4	4	4	4	4	4	4	4	4	4	4	4	4	4	4	4	4	4	4	4	4	4	4	4	4	4	4	4	4	4	4	4	4	4	4	4	4	4	4	4	4	4	4	4	4	4	4	4	4	4	4	4	4	4	4	4	4	4	4	4	4	4	4	4	4	4	4	4	4	4	4	4	4	4	4	4	4	4	4	4	4	4	4	4	4	4	4	4	4	4	4	4	4	4	4	4	4	4	4	4	4	4	4	4	4	4	4	4	4	4	4	4	4	4	4	4	4	4	4	4	4	4	4	4	4	4	4	4	4	4	4	4	4	4	4	4	4	4	4	4	5	5	5	5	5	5	5	5	5	5	5	5	5	5	5	5	5	5	5	5	5	5	5	5	5	5	5	5	5	5	5	5	5	5	5	5	5	5	5	5	5	5	5	5	5	5	5	5	5	5	5	5	5	5	5	5	5	5	5	5	5	5	5	5	5	5	5	5	5	5	5	5	5	5	5	5	5	5	5	5	5	5	5	5	5	6	6	6	6	6	6	6	6	6	6	6	6	6	6	6	6	6	6	6	6	6	6	6	6	6	6	6	6	6	6	6	6	6	6	6	6	6	6	6	6	6	6	6	6	6	6	6	6	6	6	6	6	6	6	6	6	6	6	6	7	7	7	7	7	7	7	7	7	7	7	7	7	7	7	7	7	7	7	7	7	7	7	7	7	7	7	7	7	7	7	7	7	7	7	7	7	7	7	7	7	7	7	7	7	7	7	7	8	8	8	8	8	8	8	8	8	8	8	8	8	8	8	8	8	8	8	8	8	8	8	8	8	8	8	8	9	9	9	9	9	9	9	9	9	9	9	9	9	9	9	9	9	9	9	9	9	9	9	10	10	10	10	10	10	10	10	10	10	10	10	10	10	10	11	11	11	11	11	11	11	11	11	11	11	11	11	12	12	12	12	12	12	12	12	12	12	12	12	12	12	13	13	13	13	13	13	13	13	13	13	13	13	14	14	14	14	14	14	14	14	15	15	15	15	15	16	16	16	16	16	17	17	17	17	17	18	18	18	19	20	20	20	21	21	21	21	22	22	23	25	26	27	30	30
LIST OF HOMONYMS: 1	3	3	1	2	4	2	3	2	2	2	4	3	2	4	3	3	2	2	3	2	2	5	2	7	3	2	2	2	2	2	4	1	2	1	2	2	2	1	3	2	2	4	2	2	3	2	2	2	1	2	1	2	4	1	2	2	2	3	2	3	2	8	3	1	2	2	3	2	2	1	3	10	3	2	2	2	2	3	2	2	2	6	3	2	1	5	3	2	2	2	2	1	1	2	1	2	12	2	2	2	4	3	2	2	3	8	2	2	2	2	1	2	3	2	2	6	3	1	2	1	2	6	3	3	4	3	4	2	1	4	2	2	3	3	2	2	2	2	3	2	3	2	3	1	1	2	2	2	3	2	2	2	3	2	1	3	2	3	4	2	3	1	3	3	2	3	2	4	3	1	1	1	9	2	1	13	1	2	2	2	1	2	2	2	2	1	2	2	2	5	3	1	6	3	5	1	4	2	1	3	4	11	2	2	4	2	3	2	2	2	4	1	2	2	1	3	2	3	9	1	2	1	1	12	3	7	3	1	3	3	2	4	2	3	2	1	2	4	2	3	8	1	3	2	7	1	2	10	2	6	2	3	3	5	2	3	3	2	3	2	3	2	2	4	1	5	2	2	2	2	2	2	3	2	2	2	3	3	2	9	3	3	4	1	2	2	2	7	7	7	2	2	5	2	3	2	13	3	3	1	3	2	1	3	8	3	4	3	6	2	1	2	2	3	10	3	3	7	10	3	1	2	10	23	13	2	4	1	7	3	3	3	5	8	5	1	2	3	3	1	2	2	1	3	2	1	3	1	20	5	2	2	2	4	2	3	6	2	2	1	2	3	4	2	1	6	2	5	2	2	3	2	21	3	2	2	2	2	3	1	2	1	2	2	2	3	12	4	14	3	3	3	2	3	4	3	3	2	7	2	2	1	2	2	2	6	2	2	4	1	2	18	2	5	17	5	1	17	2	1	3	3	3	2	2	14	2	3	3	3	18	6	2	2	2	2	2	2	1	1	2	3	2	1	3	4	2	5	6	1	1	1	2	2	1	5	1	3	5	16	1	6	1	2	12	3	4	3	4	2	4	2	2	3	6	1	7	2	6	2	4	2	1	2	2	14	3	2	3	2	4	4	2	4	5	2	4	3	2	5	2	3	2	14	2	1	3	7	2	2	3	5	1	3	6	2	3	3	1	9	2	1	3	2	2	3	2	2	4	2	1	2	2	2	2	2	7	2	2	3	2	2	16	3	1	7	7	2	2	2	21	2	11	1	2	2	4	1	3	1	1	2	1	1	2	1	2	2	3	2	4	2	2	2	2	4	14	9	3	1	2	10	2	5	2	4	2	1	3	5	1	5	2	3	2	4	3	1	6	3	3	2	1	1	1	3	16	2	2	2	2	3	3	2	3	2	3	2	2	8	12	3	7	3	2	4	2	1	2	5	1	2	3	2	16	8	3	6	2	2	2	2	1	2	12	1	1	9	3	2	6	21	1	2	1	6	3	2	3	2	5	7	3	4	2	2	5	4	1	1	4	2	1	3	2	3	3	1	2	2	3	9	2	6	4	2	2	2	2	1	1	2	1	2	3	2	2	3	2	3	2	2	2	2	6	3	1	2	6	2	3	3	2	7	3	3	3	4	1	2	17	1	6	4	2	2	1	5	2	3	5	3	2	2	25	2	2	2	2	1	9	2	3	4	3	2	3	1	2	4	2	3	2	1	3	1	1	1	1	2	2	2	2	1	2	18	2	1	2	2	2	2	3	2	3	6	2	15	3	1	4	3	3	5	3	5	1	9	3	3	3	4	2	3	2	2	1	2	1	2	2	2	3	2	4	3	6	3	2	1	7	3	1	3	1	2	2	1	7	2	1	3	2	3	2	3	1	2	2	2	6	2	2	1	1	3	3	3	3	2	2	2	4	6	1	1	2	2	2	2	30	1	3	1	3	3	3	2	2	2	2	2	2	2	1	6	4	3	3	4	4	2	1	2	2	4	2	2	6	11	2	3	2	2	3	1	5	2	2	3	1	7	2	2	2	1	2	11	2	1	3	2	5	4	1	2	2	3	2	1	1	1	1	1	2	8	2	1	1	2	8	2	1	1	4	2	3	2	7	4	2	2	6	3	13	3	1	3	8	1	3	2	2	5	3	2	2	9	2	3	1	2	5	1	4	9	2	2	11	8	5	4	3	2	3	2	3	10	2	5	2	2	2	3	7	2	2	2	5	6	2	7	1	8	2	3	3	1	2	2	2	2	16	2	4	1	3	2	1	3	4	4	1	2	3	2	1	2	8	1	2	2	2	2	2	3	5	2	1	3	2	2	7	4	2	2	3	2	4	3	2	1	2	4	1	2	2	2	2	3	4	3	3	2	1	3	2	3	2	2	1	2	5	1	3	2	2	3	4	3	4	1	2	3	1	1	1	1	1	1	10	5	2	3	2	10	2	3	2	13	2	30	4	1	1	1	13	2	2	6	5	2	3	9	2	8	3	1	2	13	2	3	4	3	3	1	3	2	5	1	10	3	2	1	1	2	1	3	1	1	5	1	1	3	3	14	2	3	5	7	6	3	2	2	4	3	3	4	3	3	1	2	1	3	2	3	2	3	2	8	1	4	3	3	2	4	2	1	4	5	4	2	2	1	3	1	4	8	2	1	2	2	4	20	1	2	2	1	1	3	1	1	3	4	2	2	2	1	3	3	3	2	3	8	3	13	6	2	3	3	2	2	1	2	3	2	6	11	1	12	5	4	3	5	3	2	2	3	11	6	1	1	1	1	1	1	2	3	2	9	3	1	1	2	2	5	3	1	3	3	3	3	3	2	3	2	2	2	2	2	1	2	13	5	2	4	1	2	3	3	3	3	4	2	3	7	2	2	5	2	3	3	3	2	1	1	2	3	2	2	2	3	2	2	3	3	2	1	2	2	1	4	5	2	2	3	8	2	1	12	4	2	2	2	7	3	2	4	2	2	5	2	5	2	2	2	3	1	2	2	5	3	2	2	5	1	6	2	12	4	2	2	3	2	2	1	3	1	4	2	5	2	3	2	4	26	1	2	2	1	2	2	1	3	3	2	4	2	3	8	5	2	6	1	4	2	2	1	3	3	2	3	4	2	2	3	1	1	1	1	1	1	1	4	2	2	2	3	20	2	4	3	2	2	2	5	3	2	2	3	2	2	3	2	3	7	1	2	3	2	3	5	2	1	2	3	2	1	2	2	3	3	5	7	3	2	2	1	12	1	1	2	2	1	3	3	5	1	3	2	4	3	3	1	3	1	1	2	2	3	2	4	2	2	2	3	4	2	1	3	4	4	1	2	7	2	2	2	1	2	3	4	2	3	2	2	2	1	1	2	2	2	9	1	3	4	3	1	2	1	5	2	15	3	1	2	7	2	2	2	6	3	5	3	5	2	2	3	2	3	8	2	2	6	3	7	13	2	2	2	3	3	2	2	2	1	2	1	2	5	1	1	3	1	1	1	1	1	1	1	1	3	2	2	5	4	2	2	5	3	2	3	7	2	3	3	3	2	3	7	3	5	1	3	1	3	1	1	1	2	2	3	2	7	1	2	3	2	2	2	1	1	2	7	7	2	2	2	3	3	2	1	1	2	1	3	4	1	2	2	4	2	2	1	2	3	3	3	11	2	2	1	2	3	2	3	2	2	3	2	3	3	5	4	2	2	4	3	1	6	10	2	2	2	2	2	2	2	2	6	9	1	3	2	2	1	1	4	2	3	2	3	4	4	2	4	9	3	2	3	3	3	4	8	6	3	2	2	2	14	17	2	5	2	2	6	3	1	2	3	2	2	1	8	2	2	2	12	4	2	1	1	1	1	1	1	1	1	1	1	2	2	3	2	4	3	1	2	1	2	3	2	1	2	2	7	2	2	2	3	1	1	3	2	2	1	1	22	1	1	2	1	2	1	12	3	2	2	2	2	3	3	2	1	4	3	2	1	2	2	2	3	2	4	1	2	2	2	3	2	11	4	1	2	5	3	4	1	3	1	2	2	2	3	4	2	1	2	3	3	1	4	2	2	1	2	1	11	2	1	6	1	3	2	3	2	2	2	1	12	21	2	2	3	2	2	2	1	7	3	3	1	2	3	4	3	2	2	2	2	4	2	3	2	3	3	2	2	2	2	4	4	4	11	2	2	2	4	2	3	2	13	2	2	2	15	5	1	2	2	1	1	1	1	1	1	1	1	1	1	2	2	1	11	3	2	2	2	1	3	2	2	2	1	1	1	2	3	3	2	1	14	3	9	8	2	1	2	1	1	3	2	2	1	9	5	3	3	5	4	2	2	4	2	2	4	2	3	3	3	3	3	2	2	1	1	1	2	2	2	2	1	3	2	2	1	2	2	3	8	2	2	3	2	2	2	2	2	2	3	2	3	1	4	2	2	6	10	5	2	2	3	3	2	1	1	4	5	3	2	2	2	2	2	10	3	1	4	8	5	3	3	7	2	2	1	6	1	4	3	1	3	5	3	3	2	22	3	3	19	2	6	2	3	1	3	2	1	1	3	13	1	2	2	2	4	3	3	6	1	1	1	1	1	1	1	1	1	1	1	1	3	8	2	1	1	2	2	2	3	2	4	1	1	2	2	3	4	2	2	2	2	7	3	2	3	2	1	7	3	4	3	2	5	2	3	3	2	1	2	5	3	2	2	2	2	3	2	1	6	3	3	3	2	6	1	2	9	2	5	7	9	2	1	2	2	2	3	3	1	2	2	6	3	5	2	4	2	10	2	3	2	2	2	1	1	4	2	27	2	3	6	2	1	2	2	8	1	2	3	2	2	3	1	6	2	4	2	3	2	3	2	2	2	2	3	1	2	1	2	3	2	6	2	2	2	3	4	3	3	5	2	2	2	2	4	3	2	1	2	3	1	8	7	2	2	2	3	2	1	1	1	1	1	1	1	1	1	1	1	3	1	5	2	3	2	2	3	2	3	1	6	2	2	2	1	2	2	6	3	1	2	2	3	2	2	4	2	1	1	1	3	9	2	9	1	3	2	15	1	3	4	3	2	2	3	2	7	1	17	2	1	2	3	3	4	4	2	1	2	2	4	1	2	4	2	1	3	3	1	11	2	2	2	2	2	2	2	2	2	2	1	2	2	2	2	3	3	6	2	9	2	7	2	3	12	2	1	1	3	1	2	3	2	2	2	3	3	2	2	7	2	15	1	2	5	2	1	2	4	6	3	2	2	1	2	2	2	1	7	2	2	3	1	2	5	2	1	4	4	3	2	3	10	1	1	1	1	1	1	1	1	1	1
ELAPSED TIME S: 3501.435
ELAPSED TIME M: 58.35725
